# 5 150
# Pressure, Entropy, Quantity
# column * scaling factor should be SI units
# scaling factors (constant) for each column given on line below
# 1000000000.0 4824266.84604467
0.000000000000000000e+00 4.070899030796179411e-04
1.000000000000000000e+00 4.106970061877080217e-04
2.000000000000000000e+00 4.151945964189440947e-04
3.000000000000000000e+00 4.191281869086463320e-04
4.000000000000000000e+00 4.219465505050096080e-04
5.000000000000000000e+00 4.247480152595213142e-04
6.000000000000000000e+00 4.272008902581065758e-04
7.000000000000000000e+00 4.291401201243577276e-04
8.000000000000000000e+00 4.305598761401525703e-04
9.000000000000000000e+00 4.315490916451240368e-04
1.000000000000000000e+01 4.321946333814680446e-04
1.100000000000000000e+01 4.325808568611392885e-04
1.200000000000000000e+01 4.327896238570285836e-04
1.300000000000000000e+01 4.329004813873611312e-04
1.400000000000000000e+01 4.329908505256750218e-04
1.500000000000000000e+01 4.331361461261847554e-04
1.600000000000000000e+01 4.334097862995632718e-04
1.700000000000000000e+01 4.338830717224808524e-04
1.800000000000000000e+01 4.346249283709766563e-04
1.900000000000000000e+01 4.357015172931416255e-04
2.000000000000000000e+01 4.371757236075761357e-04
2.100000000000000000e+01 4.391065448698842173e-04
2.200000000000000000e+01 4.415484064233173587e-04
2.300000000000000000e+01 4.445504380465995810e-04
2.400000000000000000e+01 4.481557515783410610e-04
2.500000000000000000e+01 4.524007625704453122e-04
2.600000000000000000e+01 4.573169994632876145e-04
2.700000000000000000e+01 4.622661341002335441e-04
2.800000000000000000e+01 4.668670474501598368e-04
2.900000000000000000e+01 4.711196947045599237e-04
3.000000000000000000e+01 4.750639427116942586e-04
3.100000000000000000e+01 4.786639129190127322e-04
3.200000000000000000e+01 4.820159331873038241e-04
3.300000000000000000e+01 4.851400027350773626e-04
3.400000000000000000e+01 4.880543726594793654e-04
3.500000000000000000e+01 4.907757390145273515e-04
3.600000000000000000e+01 4.932773695383881442e-04
3.700000000000000000e+01 4.956228783344016628e-04
3.800000000000000000e+01 4.978241997453213127e-04
3.900000000000000000e+01 4.998923255804357032e-04
4.000000000000000000e+01 5.018373909220667306e-04
4.100000000000000000e+01 5.036401125148148167e-04
4.200000000000000000e+01 5.053427040623886726e-04
4.300000000000000000e+01 5.069523373288605580e-04
4.400000000000000000e+01 5.084756217530863936e-04
4.500000000000000000e+01 5.099186456874014875e-04
4.600000000000000000e+01 5.112668644649898467e-04
4.700000000000000000e+01 5.125484358168003315e-04
4.800000000000000000e+01 5.137674016480113341e-04
4.900000000000000000e+01 5.149274361876553154e-04
5.000000000000000000e+01 5.160318670736636481e-04
5.100000000000000000e+01 5.170680353538725836e-04
5.200000000000000000e+01 5.180555428517291845e-04
5.300000000000000000e+01 5.189968162803711800e-04
5.400000000000000000e+01 5.198939944324084935e-04
5.500000000000000000e+01 5.207489413197912342e-04
5.600000000000000000e+01 5.215505723909840763e-04
5.700000000000000000e+01 5.223144661164739371e-04
5.800000000000000000e+01 5.230421512107108744e-04
5.900000000000000000e+01 5.237350932347226758e-04
6.000000000000000000e+01 5.243946979952816573e-04
6.100000000000000000e+01 5.250116228795200218e-04
6.200000000000000000e+01 5.255987774869222331e-04
6.300000000000000000e+01 5.261573508970482588e-04
6.400000000000000000e+01 5.266884858977342486e-04
6.500000000000000000e+01 5.271932812483395240e-04
6.600000000000000000e+01 5.276638841765831246e-04
6.700000000000000000e+01 5.281109939933607486e-04
6.800000000000000000e+01 5.285355402323150533e-04
6.900000000000000000e+01 5.289384176110955085e-04
7.000000000000000000e+01 5.293204875577522082e-04
7.100000000000000000e+01 5.296751529541720736e-04
7.200000000000000000e+01 5.300112803146735368e-04
7.300000000000000000e+01 5.303295949115678816e-04
7.400000000000000000e+01 5.306307951177174692e-04
7.500000000000000000e+01 5.309155534453083216e-04
7.600000000000000000e+01 5.311783099308741395e-04
7.700000000000000000e+01 5.314264177135261938e-04
7.800000000000000000e+01 5.316604364755797346e-04
7.900000000000000000e+01 5.318809045201856227e-04
8.000000000000000000e+01 5.320883394824660155e-04
8.100000000000000000e+01 5.322780133561756102e-04
8.200000000000000000e+01 5.324560430614005274e-04
8.300000000000000000e+01 5.326228500424658435e-04
8.400000000000000000e+01 5.327788382480508605e-04
8.500000000000000000e+01 5.329243946196092832e-04
8.600000000000000000e+01 5.330554290289778695e-04
8.700000000000000000e+01 5.331770681337167890e-04
8.800000000000000000e+01 5.332896146744034406e-04
8.900000000000000000e+01 5.333933566480075208e-04
9.000000000000000000e+01 5.334885676433073981e-04
9.100000000000000000e+01 5.335716105701329096e-04
9.200000000000000000e+01 5.336468444410424070e-04
9.300000000000000000e+01 5.337144673600199537e-04
9.400000000000000000e+01 5.337746539756812146e-04
9.500000000000000000e+01 5.338275558543936110e-04
9.600000000000000000e+01 5.338697394695280036e-04
9.700000000000000000e+01 5.339050684089066776e-04
9.800000000000000000e+01 5.339336925171570079e-04
9.900000000000000000e+01 5.339557587946177622e-04
1.000000000000000000e+02 5.339714114666561581e-04
1.010000000000000000e+02 5.339775984283901076e-04
1.020000000000000000e+02 5.339778083730379286e-04
1.030000000000000000e+02 5.339721720331108094e-04
1.040000000000000000e+02 5.339608177165897432e-04
1.050000000000000000e+02 5.339438713607100881e-04
1.060000000000000000e+02 5.339185704153427605e-04
1.070000000000000000e+02 5.338880634510996754e-04
1.080000000000000000e+02 5.338524643546257390e-04
1.090000000000000000e+02 5.338118849194263939e-04
1.100000000000000000e+02 5.337664348873378097e-04
1.110000000000000000e+02 5.337136124549098169e-04
1.120000000000000000e+02 5.336562597348180458e-04
1.130000000000000000e+02 5.335944755704611318e-04
1.140000000000000000e+02 5.335283569727910808e-04
1.150000000000000000e+02 5.334579991520089440e-04
1.160000000000000000e+02 5.333811337762847356e-04
1.170000000000000000e+02 5.333003276686038453e-04
1.180000000000000000e+02 5.332156660589617517e-04
1.190000000000000000e+02 5.331272325489376735e-04
1.200000000000000000e+02 5.330351091356246452e-04
1.210000000000000000e+02 5.329372349660169497e-04
1.220000000000000000e+02 5.328359306798881399e-04
1.230000000000000000e+02 5.327312690233272077e-04
1.240000000000000000e+02 5.326233212725513949e-04
1.250000000000000000e+02 5.325121572516709539e-04
1.260000000000000000e+02 5.323958986659890237e-04
1.270000000000000000e+02 5.322766473741490090e-04
1.280000000000000000e+02 5.321544645254097433e-04
1.290000000000000000e+02 5.320294099211557741e-04
1.300000000000000000e+02 5.319015420277654329e-04
1.310000000000000000e+02 5.317691410842946076e-04
1.320000000000000000e+02 5.316341161607466160e-04
1.330000000000000000e+02 5.314965175006627733e-04
1.340000000000000000e+02 5.313563940923031427e-04
1.350000000000000000e+02 5.312137936776287163e-04
1.360000000000000000e+02 5.310671317523413260e-04
1.370000000000000000e+02 5.309181494246057332e-04
1.380000000000000000e+02 5.307668865646473317e-04
1.390000000000000000e+02 5.306133818563052397e-04
1.400000000000000000e+02 5.304576728029216856e-04
1.410000000000000000e+02 5.302982875015754003e-04
1.420000000000000000e+02 5.301368229620026431e-04
1.430000000000000000e+02 5.299733090845964480e-04
1.440000000000000000e+02 5.298077746330818322e-04
1.450000000000000000e+02 5.296402472379399236e-04
1.460000000000000000e+02 5.294693454572676865e-04
1.470000000000000000e+02 5.292965452706216867e-04
1.480000000000000000e+02 5.291218669067570103e-04
1.490000000000000000e+02 5.289453294918533555e-04
