9.999999908163265117e-01 6.314272180855813599e-02
9.998619769413814584e-01 6.294498146799523686e-02
9.997239630664362942e-01 6.274791824311908017e-02
9.994479353165459656e-01 6.235581419230305789e-02
9.988958798167653086e-01 6.157963211715799384e-02
9.977917688172042165e-01 6.005886585113195258e-02
9.955835468180819214e-01 5.713976954089550198e-02
9.911671028198373312e-01 5.176113331511550397e-02
9.910174799642605947e-01 5.158905351549661344e-02
9.908678571086837472e-01 5.141761246243570227e-02
9.905686113975300522e-01 5.107663653749729832e-02
9.899701199752228842e-01 5.040224532010289388e-02
9.887731371306083261e-01 4.908317760593418344e-02
9.863791714413792100e-01 4.655981118655612427e-02
9.815912400629211998e-01 4.194110400191591176e-02
9.814515324605280755e-01 4.181438700684749626e-02
9.813118248581349512e-01 4.168810715745017992e-02
9.810324096533485916e-01 4.143685291667967979e-02
9.804735792437759834e-01 4.093952342487308660e-02
9.793559184246307669e-01 3.996523830286121542e-02
9.771205967863404451e-01 3.809550243482331261e-02
9.726499535097596905e-01 3.465111618318097997e-02
9.725129864159450799e-01 3.455144681234528087e-02
9.723760193221304693e-01 3.445211168181442490e-02
9.721020851345012481e-01 3.425443917072941435e-02
9.715542167592429168e-01 3.386305208658599297e-02
9.704584800087261431e-01 3.309585138340619820e-02
9.682670065076925958e-01 3.162172340692386008e-02
9.638840595056255012e-01 2.889919243135052190e-02
9.637354834311792073e-01 2.881187644273684734e-02
9.635869073567329135e-01 2.872487351193001720e-02
9.632897552078404368e-01 2.855180209016201787e-02
9.626954509100553725e-01 2.820936302828248865e-02
9.615068423144852439e-01 2.753903455680233384e-02
9.591296251233449865e-01 2.625451129654206295e-02
9.543751907410643609e-01 2.389436917690781689e-02
9.542365299198016793e-01 2.382945787309691948e-02
9.540978690985391086e-01 2.376475916765793950e-02
9.538205474560139674e-01 2.363599616869200420e-02
9.532659041709634629e-01 2.338098668955914186e-02
9.521566176008626758e-01 2.288086417823831722e-02
9.499380444606611018e-01 2.191887986913175490e-02
9.455008981802577317e-01 2.013790450620923586e-02
9.453506283783634778e-01 2.008073178819888213e-02
9.452003585764692239e-01 2.002375643762692795e-02
9.448998189726806052e-01 1.991039470901269023e-02
9.442987397651034787e-01 1.968600511223504365e-02
9.430965813499493366e-01 1.924638973067021100e-02
9.406922645196409416e-01 1.840247983873563586e-02
9.358836308590241515e-01 1.684587248524292355e-02
9.357361015657084113e-01 1.680070615653201510e-02
9.355885722723926712e-01 1.675568717999650209e-02
9.352935136857613019e-01 1.666608887467775982e-02
9.347033965124984523e-01 1.648863491811965523e-02
9.335231621659726420e-01 1.614057147905903836e-02
9.311626934729211325e-01 1.547084057555405019e-02
9.264417560868180024e-01 1.422955610629672053e-02
9.263041420466859854e-01 1.419521413536378035e-02
9.261665280065538575e-01 1.416097189686227158e-02
9.258912999262898236e-01 1.409278517696174217e-02
9.253408437657615337e-01 1.395759260507932996e-02
9.242399314447051761e-01 1.369185099089559668e-02
9.220381068025922389e-01 1.317832139610946099e-02
9.176344575183663643e-01 1.221837803833782619e-02
9.174852344976026641e-01 1.218732559876201278e-02
9.173360114768389639e-01 1.215636598799010697e-02
9.170375654353114525e-01 1.209472373371279358e-02
9.164406733522565407e-01 1.197253700650289035e-02
9.152468891861467171e-01 1.173247493491152635e-02
9.128593208539270698e-01 1.126897722060732354e-02
9.080841841894877753e-01 1.040382992915531851e-02
8.991684870643638083e-01 8.980831671374948574e-03
8.904281824882671614e-01 7.786858363555843217e-03
8.809449031517435635e-01 6.671134737619463344e-03
8.720962000189745877e-01 5.766278318376415191e-03
8.625045221257785499e-01 4.906400068826392499e-03
8.530882367816099432e-01 4.164005899581916040e-03
8.443065276411958475e-01 3.548945381169838712e-03
8.347818437403548009e-01 2.955471728604268378e-03
8.258917360432683763e-01 2.463472825408596044e-03
8.162586535857548897e-01 1.991927613138383488e-03
8.068009636772688342e-01 1.586761685425682258e-03
7.979778499725374008e-01 1.257187183202944022e-03
7.884117615073789054e-01 9.496134304340191328e-04
7.882722066282944473e-01 9.454947113801422500e-04
7.881326517492099892e-01 9.413863614174914230e-04
7.878535419910411841e-01 9.332007307465291744e-04
7.872953224747034628e-01 9.169534813395771112e-04
7.861788834420279093e-01 8.849529040351786875e-04
7.839460053766769132e-01 8.229103938738644526e-04
7.794802492459750320e-01 7.065229012912345799e-04
7.793434348754690877e-01 7.031167099721480698e-04
7.792066205049632543e-01 6.997198954785493986e-04
7.789329917639515877e-01 6.929543604824081040e-04
7.783857342819280323e-01 6.795354098692474743e-04
7.772912193178809215e-01 6.531439285622798194e-04
7.751021893897868109e-01 6.021301258818119017e-04
7.707241295335985898e-01 5.070459986404866242e-04
7.705757061824609622e-01 5.039819965824072264e-04
7.704272828313234456e-01 5.009283287863314791e-04
7.701304361290484124e-01 4.948519478945328674e-04
7.695367427244981240e-01 4.828226671850653260e-04
7.683493559153977692e-01 4.592553267742662763e-04
7.659745822971968376e-01 4.140638594261832647e-04
7.658261589460593211e-01 4.113245625486630554e-04
7.656777355949216934e-01 4.085952128961768031e-04
7.653808888926465492e-01 4.031663068907273984e-04
7.647871954880963719e-01 3.924273283469445115e-04
7.635998086789959061e-01 3.714219898428563690e-04
7.612250350607950855e-01 3.312800889936867005e-04
7.610865269628412921e-01 3.290149308331471382e-04
7.609480188648873877e-01 3.267580989095384553e-04
7.606710026689795789e-01 3.222693746748693912e-04
7.601169702771639614e-01 3.133914113646738193e-04
7.590089054935329482e-01 2.960312445889323177e-04
7.567927759262706999e-01 2.628766077336023156e-04
7.566542678283167955e-01 2.608730769313198292e-04
7.565157597303628911e-01 2.588775634890720483e-04
7.562387435344550823e-01 2.549105507630748061e-04
7.556847111426395758e-01 2.470723174946979402e-04
7.545766463590084516e-01 2.317769163005371530e-04
7.523605167917462033e-01 2.026937843536148461e-04
7.522103997131606157e-01 2.007957308059278492e-04
7.520602826345750280e-01 1.989067479074805721e-04
7.517600484774039638e-01 1.951559490612867235e-04
7.511595801630617242e-01 1.877627064216657205e-04
7.499586435343772450e-01 1.734071740968271664e-04
7.475567702770082867e-01 1.464008200043287694e-04
7.474066531984226991e-01 1.447876645313491187e-04
7.472565361198371114e-01 1.431832429677322384e-04
7.469563019626660472e-01 1.400005634728256239e-04
7.463558336483238076e-01 1.337395964559076557e-04
7.451548970196393284e-01 1.216331981078565006e-04
7.427530237622702591e-01 9.906753555596096658e-05
7.426056471922632962e-01 9.775391288766548245e-05
7.424582706222562223e-01 9.644845831385059790e-05
7.421635174822422965e-01 9.386203025536199430e-05
7.415740112022142227e-01 8.878694406528142113e-05
7.403949986421580753e-01 7.902674533576974536e-05
7.402476220721510014e-01 7.784319639229345285e-05
7.401002455021440385e-01 7.666774092006712368e-05
7.398054923621300016e-01 7.434109797435308918e-05
7.392159860821020390e-01 6.978480902720476128e-05
7.380369735220460026e-01 6.105981128377389736e-05
7.378895969520389286e-01 6.000550502290489613e-05
7.377422203820319657e-01 5.895926978010362755e-05
7.374474672420179289e-01 5.689101623415190249e-05
7.368579609619899662e-01 5.285142243894606684e-05
7.356789484019339298e-01 4.516055600567708811e-05
7.333209232818217460e-01 3.134342781662404024e-05
7.331834619649983953e-01 3.060298342089550811e-05
7.330460006481751556e-01 2.986977908046169840e-05
7.327710780145284541e-01 2.842515177957144471e-05
7.322212327472350513e-01 2.562349433375629376e-05
7.311215422126482455e-01 2.037508468397644559e-05
7.309840808958248948e-01 1.975277373095833498e-05
7.308466195790015441e-01 1.913805440839570879e-05
7.305716969453548426e-01 1.793151979001379750e-05
7.300218516780615507e-01 1.561106185688687149e-05
7.289221611434748560e-01 1.135020371122686909e-05
7.287846998266515053e-01 1.085423844740132972e-05
7.286472385098281546e-01 1.036662298882806697e-05
7.283723158761814531e-01 9.416733789509321384e-06
7.278224706088880502e-01 7.620627820581272178e-06
7.276850092920646995e-01 7.193742879009538916e-06
7.275475479752413488e-01 6.775925958032798951e-06
7.272726253415946474e-01 5.967979549400418421e-06
7.267227800743013555e-01 4.466761893405599921e-06
7.265853187574780048e-01 4.116304094867235221e-06
7.264478574406547651e-01 3.776171400154280236e-06
7.261729348070080636e-01 3.127806272329827672e-06
7.260354734901847129e-01 2.820097512799783525e-06
7.258980121733613622e-01 2.523769718841649559e-06
7.256230895397146607e-01 1.966678687176528053e-06
7.254856282228913100e-01 1.706749111567118692e-06
7.253481669060679593e-01 1.459891337766882466e-06
7.252107055892446086e-01 1.226705565859216679e-06
7.250732442724212579e-01 1.007905517923663933e-06
7.249357829555979071e-01 8.043574528370954567e-07
7.247983216387745564e-01 6.171409101343575819e-07
7.246608603219512057e-01 4.476497685381663738e-07
7.245233990051278550e-01 2.977764138496607826e-07
7.243743287076728210e-01 1.606806839760249705e-07
7.242252584102177870e-01 5.614320702346754909e-08
7.240761881127628641e-01 1.386303750692183926e-09
7.239271178153078301e-01 4.111107685762642950e-12
7.237780475178527961e-01 5.730191820562865754e-13
7.236289772203978732e-01 1.764095646434533227e-13
7.234799069229428392e-01 7.598423185029207594e-14
7.233308366254878052e-01 3.944245900565476259e-14
7.231817663280327713e-01 2.306028756641186804e-14
7.230326960305777373e-01 1.464183724672113771e-14
7.228836257331227033e-01 9.877445449151804556e-15
7.227345554356676693e-01 6.979873379647041287e-15
7.225854851382126354e-01 5.116587147541112967e-15
7.224364148407576014e-01 3.863866029200571647e-15
7.222873445433026784e-01 2.990453122789930580e-15
7.221382742458476445e-01 2.362785861625672561e-15
7.219892039483926105e-01 1.900028252585199494e-15
7.218401336509376875e-01 1.551290286268413352e-15
7.216910633534826536e-01 1.283438874882830698e-15
7.215419930560276196e-01 1.074266301536608625e-15
7.213929227585725856e-01 9.085056036094688156e-16
7.212438524611175517e-01 7.754244930207215277e-16
7.210947821636625177e-01 6.673275728949741573e-16
7.209457118662074837e-01 5.785985162416691807e-16
7.206475712712974158e-01 4.436170904497456550e-16
7.203494306763874588e-01 3.479119539363137212e-16
7.202003603789324249e-01 3.103847897692015865e-16
7.200512900814775019e-01 2.781315842462135327e-16
7.197531494865674340e-01 2.260290755358983239e-16
7.196040791891124000e-01 2.048763962664827764e-16
7.194550088916573660e-01 1.863209559199578918e-16
7.191568682967472981e-01 1.555144555554822965e-16
7.185605871069272732e-01 1.118374094747584695e-16
7.173680247272871124e-01 6.385268471998366702e-17
7.149828999680069019e-01 2.702902563841276009e-17
7.148437449237354802e-01 2.590484315109459371e-17
7.147045898794641694e-01 2.484433267169519075e-17
7.144262797909215479e-01 2.289670745550047752e-17
7.138696596138360828e-01 1.959094605585430277e-17
7.127564192596653747e-01 1.471868305899102074e-17
7.105299385513237365e-01 9.022458407420016578e-18
7.060769771346405710e-01 4.246004575021289633e-18
6.973464468503016711e-01 1.576765146700614828e-18
6.878729418055357092e-01 7.867803479953360811e-19
6.790340129645243694e-01 5.002839750929786511e-19
6.694521093630859676e-01 3.501987977448552707e-19
6.605047819654021879e-01 2.742170133355309911e-19
6.517328471167458392e-01 2.299392189576572748e-19
6.422179375076624286e-01 2.018318179831474723e-19
6.333376041023336400e-01 1.887145781675300121e-19
6.237142959365779005e-01 1.872348840511267983e-19
6.142663803198494810e-01 2.016360608483673467e-19
6.054530409068756835e-01 2.391574891527047041e-19
5.958967267334749351e-01 3.415907220945944313e-19
5.869749887638286978e-01 6.314186599154067195e-19
5.782286433432098915e-01 2.041747117175311017e-18
5.687393231621640233e-01 1.098275296972659899e-16
5.686009677875187851e-01 1.272260794352621342e-16
5.684626124128736580e-01 1.486162307167159274e-16
5.681859016635832926e-01 2.087656481069672884e-16
5.680475462889380545e-01 2.516745110290454164e-16
5.679091909142929273e-01 3.075003453957103343e-16
5.677708355396478002e-01 3.815437204635470965e-16
5.676324801650025620e-01 4.819591771785361206e-16
5.674941247903573238e-01 6.217275563533280518e-16
5.673557694157121967e-01 8.223568674249285326e-16
5.672174140410670695e-01 1.121223789892695996e-15
5.670790586664218313e-01 1.587142153723024109e-15
5.669407032917767042e-01 2.356187240824355935e-15
5.668023479171315770e-01 3.723031717862915617e-15
5.666639925424863389e-01 6.406971962076222441e-15
5.665256371678412117e-01 1.248061177262124393e-14
5.663872817931960846e-01 2.959290097352242481e-14
5.662489264185508464e-01 1.006477578504440186e-13
5.661105710439057193e-01 8.355767357380763104e-13
5.659722156692605921e-01 3.889662164279565407e-09
5.658338602946153539e-01 1.617956895731242885e-07
5.656955049199702268e-01 4.426163669696710114e-07
5.655571495453250996e-01 8.069160259422841931e-07
5.654187941706798615e-01 1.240113130763882665e-06
5.652804387960346233e-01 1.733899954107694390e-06
5.651420834213894961e-01 2.282772558553759397e-06
5.650037280467443690e-01 2.882771725573581895e-06
5.648653726720991308e-01 3.530896316839347522e-06
5.647270172974538927e-01 4.224787439774156398e-06
5.645886619228087655e-01 4.962541219274731796e-06
5.643119511735184002e-01 6.563621833384815577e-06
5.641735957988731620e-01 7.424526538233035009e-06
5.640352404242280349e-01 8.324353883272105921e-06
5.637585296749376695e-01 1.023760779957509477e-05
5.636201743002924314e-01 1.124970304621366860e-05
5.634818189256473042e-01 1.229802695842114011e-05
5.632051081763569389e-01 1.450150739982360596e-05
5.630667528017117007e-01 1.565587216616233846e-05
5.629283974270665736e-01 1.684486866280330265e-05
5.626516866777762083e-01 1.932563423523890806e-05
5.620982651791955886e-01 2.469211903654606891e-05
5.619599098045504615e-01 2.611712409823776994e-05
5.618215544299052233e-01 2.757523141178456382e-05
5.615448436806149690e-01 3.059039191145247928e-05
5.609914221820342384e-01 3.701478230979571478e-05
5.598845791848727771e-01 5.143582440853403836e-05
5.597301327786040614e-01 5.361515773308617573e-05
5.595756863723353458e-01 5.583559164601276385e-05
5.592667935597978035e-01 6.040011845407230003e-05
5.586490079347228299e-01 7.002677521551325251e-05
5.584945615284541143e-01 7.253781391732152086e-05
5.583401151221853986e-01 7.509087296286256119e-05
5.580312223096479674e-01 8.032364463551576743e-05
5.574134366845729938e-01 9.130027769887177479e-05
5.572589902783042781e-01 9.415190926191904027e-05
5.571045438720354515e-01 9.704689231569615113e-05
5.567956510594980202e-01 1.029676758523955925e-04
5.561778654344231576e-01 1.153381053356602646e-04
5.549422941842732104e-01 1.422426401152586211e-04
5.547878477780044948e-01 1.458130317416849451e-04
5.546334013717357792e-01 1.494303034988309499e-04
5.543245085591982368e-01 1.568064978448639420e-04
5.537067229341232633e-01 1.721327444423492888e-04
5.524711516839733161e-01 2.051413196314532425e-04
5.523167052777046004e-01 2.094937735233184722e-04
5.521622588714358848e-01 2.138975085153752096e-04
5.518533660588983425e-01 2.228600245438935466e-04
5.512355804338233689e-01 2.414138151286721620e-04
5.510811340275546533e-01 2.461850724257819535e-04
5.509266876212859376e-01 2.510100878354777935e-04
5.506177948087485063e-01 2.608226830706003173e-04
5.504633484024797907e-01 2.658109145692806098e-04
5.503089019962110751e-01 2.708542075413201272e-04
5.501544555899422484e-01 2.759528944543086781e-04
5.500000091836735328e-01 2.811073104190951635e-04
