0.000000000000000000e+00 1.000000000000000000e+00 6.238732411453806227e-03
5.000099999999999684e-02 1.365065145800317126e-01 9.264168334216375811e-02
1.000019999999999937e-01 1.099366109283950038e-01 1.215599197209473320e-01
1.500129999999999797e-01 9.361785623634918951e-02 1.477102302317793436e-01
2.000039999999999873e-01 8.184475264245541504e-02 1.729564000504223709e-01
2.500189999999999912e-01 7.264476734127493784e-02 1.980700524918098393e-01
3.000189999999999801e-01 6.514474550648061135e-02 2.233103950401837123e-01
3.500280000000000058e-01 5.882083984677950739e-02 2.489566299067370037e-01
3.999999999999999667e-01 5.338888286705305297e-02 2.750480755243392972e-01
4.500039999999999596e-01 4.865173832887680766e-02 3.016216861632093904e-01
5.000970000000000137e-01 4.446690974803597235e-02 3.287198184320928585e-01
5.500389999999999446e-01 4.072909889140183259e-02 3.563863660775349884e-01
6.000099999999999323e-01 3.735862975561490829e-02 3.846671990363041416e-01
6.500359999999999472e-01 3.431198122509347692e-02 4.134305756092577222e-01
7.000449999999999173e-01 3.153818367180089705e-02 4.426947509282701532e-01
7.501179999999999515e-01 2.899793385049526107e-02 4.724632307431425038e-01
8.000239999999999574e-01 2.666874775956641977e-02 5.026119984056274248e-01
8.501090000000000035e-01 2.452346649768271866e-02 5.331227895615086032e-01
9.000049999999999439e-01 2.253552722556248153e-02 5.640427976644467600e-01
9.500889999999999613e-01 2.070610444513052914e-02 5.950170644863259639e-01
1.000051000000000023e+00 1.900267287266584060e-02 6.262752428545721450e-01
1.050035000000000052e+00 1.741616712044440074e-02 6.577078403251790384e-01
1.100033000000000039e+00 1.594974908391567914e-02 6.889513144723417026e-01
1.150055000000000049e+00 1.458026040500417023e-02 7.202097225635646360e-01
1.200005999999999906e+00 1.330057277912246975e-02 7.513963920427232379e-01
1.250036999999999843e+00 1.210725644278005074e-02 7.823451992950569700e-01
1.300030000000000019e+00 1.099943276532597963e-02 8.128176803047326704e-01
1.350033000000000039e+00 9.963734578016318968e-03 8.429355616037607080e-01
1.400002999999999886e+00 8.995671618090934560e-03 8.726102173403882389e-01
1.450121999999999911e+00 8.091233000286780774e-03 9.017527126992253006e-01
1.500005000000000033e+00 7.251905650115376793e-03 9.300988501877492931e-01
1.550105999999999984e+00 6.471737570249123939e-03 9.576359723846716854e-01
1.600041999999999964e+00 5.744906555530675425e-03 9.843771440537240069e-01
1.649999999999999911e+00 5.068700216691934129e-03 1.010244737642306267e+00
1.700113999999999903e+00 4.440664385962937374e-03 1.035163923962095112e+00
1.750003999999999893e+00 3.864692845691096879e-03 1.058807767350922857e+00
1.800125999999999893e+00 3.333369788117962040e-03 1.073728250346837720e+00
1.850114999999999954e+00 2.843909976769865879e-03 1.073728250346837720e+00
1.900031999999999943e+00 2.394571649609367019e-03 1.073728250346837720e+00
1.950043999999999889e+00 1.989831773948780129e-03 1.073728250346837720e+00
2.000033999999999867e+00 1.623566263050683998e-03 1.073728250346837720e+00
2.050107999999999819e+00 1.293067168090776065e-03 1.073728250346837720e+00
2.100017999999999940e+00 1.003075744953474966e-03 1.073728250346837720e+00
2.150025999999999993e+00 7.490951335308728516e-04 1.073728250346837720e+00
2.200000999999999873e+00 5.314672719798256909e-04 1.073728250346837720e+00
2.250011999999999901e+00 3.519415214916654265e-04 1.073728250346837720e+00
2.300114999999999910e+00 2.102081058963644082e-04 1.073728250346837720e+00
2.350074999999999914e+00 1.054303451177193945e-04 1.073728250346837720e+00
2.400049000000000099e+00 4.076712266002400847e-05 1.073728250346837720e+00
2.450034000000000045e+00 8.189042994684210948e-06 1.073728250346837720e+00
2.500058999999999809e+00 0.000000000000000000e+00 1.073728250346837720e+00
2.550287999999999666e+00 0.000000000000000000e+00 1.073728250346837720e+00
2.600112999999999897e+00 0.000000000000000000e+00 1.073728250346837720e+00
2.650099999999999678e+00 0.000000000000000000e+00 1.073728250346837720e+00
2.700337999999999905e+00 0.000000000000000000e+00 1.073728250346837720e+00
2.750089999999999701e+00 0.000000000000000000e+00 1.073728250346837720e+00
2.800151999999999752e+00 0.000000000000000000e+00 1.073728250346837720e+00
2.850339999999999652e+00 0.000000000000000000e+00 1.073728250346837720e+00
2.900001999999999747e+00 0.000000000000000000e+00 1.073728250346837720e+00
2.950193000000000065e+00 0.000000000000000000e+00 1.073728250346837720e+00
3.000106999999999857e+00 0.000000000000000000e+00 1.073728250346837720e+00
3.050021999999999789e+00 0.000000000000000000e+00 1.073728250346837720e+00
3.100613999999999759e+00 0.000000000000000000e+00 1.073728250346837720e+00
3.150131999999999710e+00 0.000000000000000000e+00 1.073728250346837720e+00
3.200044999999999806e+00 0.000000000000000000e+00 1.073728250346837720e+00
3.250272999999999968e+00 0.000000000000000000e+00 1.073728250346837720e+00
3.300018999999999814e+00 0.000000000000000000e+00 1.073728250346837720e+00
3.350006999999999735e+00 0.000000000000000000e+00 1.073728250346837720e+00
3.400036000000000058e+00 0.000000000000000000e+00 1.073728250346837720e+00
3.450165999999999844e+00 0.000000000000000000e+00 1.073728250346837720e+00
3.500009999999999621e+00 0.000000000000000000e+00 1.073728250346837720e+00
3.550551000000000013e+00 0.000000000000000000e+00 1.073728250346837720e+00
3.600063000000000013e+00 0.000000000000000000e+00 1.073728250346837720e+00
3.650037999999999894e+00 0.000000000000000000e+00 1.073728250346837720e+00
3.700082999999999789e+00 0.000000000000000000e+00 1.073728250346837720e+00
3.750224999999999920e+00 0.000000000000000000e+00 1.073728250346837720e+00
3.800095999999999918e+00 0.000000000000000000e+00 1.073728250346837720e+00
3.850178999999999796e+00 0.000000000000000000e+00 1.073728250346837720e+00
3.900246999999999797e+00 0.000000000000000000e+00 1.073728250346837720e+00
3.950010999999999939e+00 0.000000000000000000e+00 1.073728250346837720e+00
4.000033000000000172e+00 0.000000000000000000e+00 1.073728250346837720e+00
4.050022999999999485e+00 0.000000000000000000e+00 1.073728250346837720e+00
4.100043999999999578e+00 0.000000000000000000e+00 1.073728250346837720e+00
4.150013999999999648e+00 0.000000000000000000e+00 1.073728250346837720e+00
4.200000999999999429e+00 0.000000000000000000e+00 1.073728250346837720e+00
4.250020000000000131e+00 0.000000000000000000e+00 1.073728250346837720e+00
4.300163999999999653e+00 0.000000000000000000e+00 1.073728250346837720e+00
4.350101999999999691e+00 0.000000000000000000e+00 1.073728250346837720e+00
4.401057999999999915e+00 0.000000000000000000e+00 1.073728250346837720e+00
4.450128999999999557e+00 0.000000000000000000e+00 1.073728250346837720e+00
4.501155999999999935e+00 0.000000000000000000e+00 1.073728250346837720e+00
4.550023999999999624e+00 0.000000000000000000e+00 1.073728250346837720e+00
4.600203999999999738e+00 0.000000000000000000e+00 1.073728250346837720e+00
4.650014999999999787e+00 0.000000000000000000e+00 1.073728250346837720e+00
4.700089999999999435e+00 0.000000000000000000e+00 1.073728250346837720e+00
4.750179000000000151e+00 0.000000000000000000e+00 1.073728250346837720e+00
4.800220999999999627e+00 0.000000000000000000e+00 1.073728250346837720e+00
4.850804000000000116e+00 0.000000000000000000e+00 1.073728250346837720e+00
4.900026999999999688e+00 0.000000000000000000e+00 1.073728250346837720e+00
4.950064999999999493e+00 0.000000000000000000e+00 1.073728250346837720e+00
5.000185000000000102e+00 0.000000000000000000e+00 1.073728250346837720e+00
5.050339999999999385e+00 0.000000000000000000e+00 1.073728250346837720e+00
5.101255999999999347e+00 0.000000000000000000e+00 1.073728250346837720e+00
5.150026999999999688e+00 0.000000000000000000e+00 1.073728250346837720e+00
5.200116999999999656e+00 0.000000000000000000e+00 1.073728250346837720e+00
5.250077999999999356e+00 0.000000000000000000e+00 1.073728250346837720e+00
5.300081999999999738e+00 0.000000000000000000e+00 1.073728250346837720e+00
5.350046999999999997e+00 0.000000000000000000e+00 1.073728250346837720e+00
5.400013999999999648e+00 0.000000000000000000e+00 1.073728250346837720e+00
5.450121999999999467e+00 0.000000000000000000e+00 1.073728250346837720e+00
5.500068999999999875e+00 0.000000000000000000e+00 1.073728250346837720e+00
5.550282999999999412e+00 0.000000000000000000e+00 1.073728250346837720e+00
5.600039999999999907e+00 0.000000000000000000e+00 1.073728250346837720e+00
5.650084999999999802e+00 0.000000000000000000e+00 1.073728250346837720e+00
5.700089000000000183e+00 0.000000000000000000e+00 1.073728250346837720e+00
5.750332999999999473e+00 0.000000000000000000e+00 1.073728250346837720e+00
5.800024999999999764e+00 0.000000000000000000e+00 1.073728250346837720e+00
5.850643999999999956e+00 0.000000000000000000e+00 1.073728250346837720e+00
5.900008999999999837e+00 0.000000000000000000e+00 1.073728250346837720e+00
5.951173999999999964e+00 0.000000000000000000e+00 1.073728250346837720e+00
6.000535999999999426e+00 0.000000000000000000e+00 1.073728250346837720e+00
6.050796999999999315e+00 0.000000000000000000e+00 1.073728250346837720e+00
6.100278999999999563e+00 0.000000000000000000e+00 1.073728250346837720e+00
6.150127999999999595e+00 0.000000000000000000e+00 1.073728250346837720e+00
6.200351999999999641e+00 0.000000000000000000e+00 1.073728250346837720e+00
6.250930999999999571e+00 0.000000000000000000e+00 1.073728250346837720e+00
6.300010999999999584e+00 0.000000000000000000e+00 1.073728250346837720e+00
6.350011999999999546e+00 0.000000000000000000e+00 1.073728250346837720e+00
6.400027999999999828e+00 0.000000000000000000e+00 1.073728250346837720e+00
6.450002999999999709e+00 0.000000000000000000e+00 1.073728250346837720e+00
6.500092999999999677e+00 0.000000000000000000e+00 1.073728250346837720e+00
6.550332000000000043e+00 0.000000000000000000e+00 1.073728250346837720e+00
6.600151999999999575e+00 0.000000000000000000e+00 1.073728250346837720e+00
6.650017999999999319e+00 0.000000000000000000e+00 1.073728250346837720e+00
6.700097999999999665e+00 0.000000000000000000e+00 1.073728250346837720e+00
6.750987999999999545e+00 0.000000000000000000e+00 1.073728250346837720e+00
6.800775999999999932e+00 0.000000000000000000e+00 1.073728250346837720e+00
6.850633999999999446e+00 0.000000000000000000e+00 1.073728250346837720e+00
6.901207999999999565e+00 0.000000000000000000e+00 1.073728250346837720e+00
6.950067999999999913e+00 0.000000000000000000e+00 1.073728250346837720e+00
7.000662999999999414e+00 0.000000000000000000e+00 1.073728250346837720e+00
7.050411999999999679e+00 0.000000000000000000e+00 1.073728250346837720e+00
7.100229999999999819e+00 0.000000000000000000e+00 1.073728250346837720e+00
7.150208999999999371e+00 0.000000000000000000e+00 1.073728250346837720e+00
7.200028999999999790e+00 0.000000000000000000e+00 1.073728250346837720e+00
7.250062999999999924e+00 0.000000000000000000e+00 1.073728250346837720e+00
7.300021000000000093e+00 0.000000000000000000e+00 1.073728250346837720e+00
7.350037999999999627e+00 0.000000000000000000e+00 1.073728250346837720e+00
7.400123999999999924e+00 0.000000000000000000e+00 1.073728250346837720e+00
7.450689999999999813e+00 0.000000000000000000e+00 1.073728250346837720e+00
7.500555999999999557e+00 0.000000000000000000e+00 1.073728250346837720e+00
7.550399999999999778e+00 0.000000000000000000e+00 1.073728250346837720e+00
7.600212999999999219e+00 0.000000000000000000e+00 1.073728250346837720e+00
7.650671999999999251e+00 0.000000000000000000e+00 1.073728250346837720e+00
7.700516999999999612e+00 0.000000000000000000e+00 1.073728250346837720e+00
7.750180999999999543e+00 0.000000000000000000e+00 1.073728250346837720e+00
7.799999999999999822e+00 0.000000000000000000e+00 1.073728250346837720e+00
7.850035999999999348e+00 0.000000000000000000e+00 1.073728250346837720e+00
7.900042999999999260e+00 0.000000000000000000e+00 1.073728250346837720e+00
7.950167999999999680e+00 0.000000000000000000e+00 1.073728250346837720e+00
8.000071000000000154e+00 0.000000000000000000e+00 1.073728250346837720e+00
8.050038999999999945e+00 0.000000000000000000e+00 1.073728250346837720e+00
8.100334000000000145e+00 0.000000000000000000e+00 1.073728250346837720e+00
8.150622000000000256e+00 0.000000000000000000e+00 1.073728250346837720e+00
8.200241999999999365e+00 0.000000000000000000e+00 1.073728250346837720e+00
8.250099999999999767e+00 0.000000000000000000e+00 1.073728250346837720e+00
8.300276000000000209e+00 0.000000000000000000e+00 1.073728250346837720e+00
8.350106000000000250e+00 0.000000000000000000e+00 1.073728250346837720e+00
8.400498999999999938e+00 0.000000000000000000e+00 1.073728250346837720e+00
8.450134999999999508e+00 0.000000000000000000e+00 1.073728250346837720e+00
8.500223000000000084e+00 0.000000000000000000e+00 1.073728250346837720e+00
8.550682999999999367e+00 0.000000000000000000e+00 1.073728250346837720e+00
8.601450999999999070e+00 0.000000000000000000e+00 1.073728250346837720e+00
8.650940000000000296e+00 0.000000000000000000e+00 1.073728250346837720e+00
8.700091000000000463e+00 0.000000000000000000e+00 1.073728250346837720e+00
8.750337999999999283e+00 0.000000000000000000e+00 1.073728250346837720e+00
8.800837999999998829e+00 0.000000000000000000e+00 1.073728250346837720e+00
8.850835999999999260e+00 0.000000000000000000e+00 1.073728250346837720e+00
8.900205999999998951e+00 0.000000000000000000e+00 1.073728250346837720e+00
8.950094999999999246e+00 0.000000000000000000e+00 1.073728250346837720e+00
9.000385999999998887e+00 0.000000000000000000e+00 1.073728250346837720e+00
9.050159999999999982e+00 0.000000000000000000e+00 1.073728250346837720e+00
9.100016000000000105e+00 0.000000000000000000e+00 1.073728250346837720e+00
9.150535999999998893e+00 0.000000000000000000e+00 1.073728250346837720e+00
9.201895999999999631e+00 0.000000000000000000e+00 1.073728250346837720e+00
9.250760999999998901e+00 0.000000000000000000e+00 1.073728250346837720e+00
9.300094999999998890e+00 0.000000000000000000e+00 1.073728250346837720e+00
9.350574999999999193e+00 0.000000000000000000e+00 1.073728250346837720e+00
9.400209000000000259e+00 0.000000000000000000e+00 1.073728250346837720e+00
9.450048999999999921e+00 0.000000000000000000e+00 1.073728250346837720e+00
9.500154000000000210e+00 0.000000000000000000e+00 1.073728250346837720e+00
9.550088999999999828e+00 0.000000000000000000e+00 1.073728250346837720e+00
9.600050999999998780e+00 0.000000000000000000e+00 1.073728250346837720e+00
9.650594999999999146e+00 0.000000000000000000e+00 1.073728250346837720e+00
9.700097999999998777e+00 0.000000000000000000e+00 1.073728250346837720e+00
9.751645999999999148e+00 0.000000000000000000e+00 1.073728250346837720e+00
9.801420999999999495e+00 0.000000000000000000e+00 1.073728250346837720e+00
9.850573999999999941e+00 0.000000000000000000e+00 1.073728250346837720e+00
9.901208999999999705e+00 0.000000000000000000e+00 1.073728250346837720e+00
9.950377999999998835e+00 0.000000000000000000e+00 1.073728250346837720e+00
1.000006199999999978e+01 0.000000000000000000e+00 1.073728250346837720e+00
