# 5 1000
# Pressure, Entropy, Quantity
# column * scaling factor should be SI units
# scaling factors (constant) for each column given on line below
# 1000000000.0 1.0
0.000000000000000000e+00 1.972708714000794089e+03
1.000000000000000000e+00 2.048494717770216084e+03
2.000000000000000000e+00 2.122339318087425909e+03
3.000000000000000000e+00 2.177796116407632780e+03
4.000000000000000000e+00 2.220879466603157198e+03
5.000000000000000000e+00 2.256736952894001661e+03
6.000000000000000000e+00 2.290500214517585846e+03
7.000000000000000000e+00 2.322294250382219161e+03
8.000000000000000000e+00 2.352240784676321709e+03
9.000000000000000000e+00 2.380456355772984807e+03
1.000000000000000000e+01 2.407079970543049512e+03
1.100000000000000000e+01 2.432236627894824323e+03
1.200000000000000000e+01 2.456046686371074884e+03
1.300000000000000000e+01 2.478634415592534879e+03
1.400000000000000000e+01 2.500132456828057002e+03
1.500000000000000000e+01 2.520665808985950662e+03
1.600000000000000000e+01 2.540355374037563251e+03
1.700000000000000000e+01 2.559329334702796132e+03
1.800000000000000000e+01 2.577715875722753481e+03
1.900000000000000000e+01 2.595639996005743342e+03
2.000000000000000000e+01 2.613225050025930614e+03
2.100000000000000000e+01 2.630599315453914642e+03
2.200000000000000000e+01 2.647888429577283659e+03
2.300000000000000000e+01 2.665217391304346620e+03
2.400000000000000000e+01 2.682608695652173992e+03
2.500000000000000000e+01 2.700000000000000000e+03
2.600000000000000000e+01 2.717391304347826008e+03
2.700000000000000000e+01 2.734782608695652016e+03
2.800000000000000000e+01 2.752173913043478478e+03
2.900000000000000000e+01 2.769565217391304486e+03
3.000000000000000000e+01 2.786956521739130494e+03
3.100000000000000000e+01 2.804347826086956502e+03
3.200000000000000000e+01 2.821739130434782510e+03
3.300000000000000000e+01 2.839130434782608518e+03
3.400000000000000000e+01 2.856521739130434980e+03
3.500000000000000000e+01 2.873913043478260988e+03
3.600000000000000000e+01 2.891304347826086996e+03
3.700000000000000000e+01 2.908695652173913004e+03
3.800000000000000000e+01 2.926086956521739012e+03
3.900000000000000000e+01 2.943478260869565020e+03
4.000000000000000000e+01 2.960869565217391482e+03
4.100000000000000000e+01 2.978260869565217490e+03
4.200000000000000000e+01 2.995652173913043498e+03
4.300000000000000000e+01 3.013043478260869506e+03
4.400000000000000000e+01 3.030434782608695514e+03
4.500000000000000000e+01 3.047826086956521976e+03
4.600000000000000000e+01 3.065217391304347984e+03
4.700000000000000000e+01 3.082608695652173992e+03
4.800000000000000000e+01 3.100000000000000000e+03
4.900000000000000000e+01 3.117391304347826008e+03
5.000000000000000000e+01 3.134782608695652016e+03
5.100000000000000000e+01 3.152173913043478024e+03
5.200000000000000000e+01 3.169565217391304486e+03
5.300000000000000000e+01 3.186956521739130494e+03
5.400000000000000000e+01 3.204347826086956502e+03
5.500000000000000000e+01 3.221739130434782510e+03
5.600000000000000000e+01 3.239130434782608518e+03
5.700000000000000000e+01 3.256521739130434980e+03
5.800000000000000000e+01 3.273913043478260988e+03
5.900000000000000000e+01 3.291304347826086996e+03
6.000000000000000000e+01 3.308695652173913004e+03
6.100000000000000000e+01 3.326086956521739012e+03
6.200000000000000000e+01 3.343478260869565020e+03
6.300000000000000000e+01 3.360869565217391028e+03
6.400000000000000000e+01 3.378260869565217490e+03
6.500000000000000000e+01 3.395652173913043498e+03
6.600000000000000000e+01 3.413043478260869506e+03
6.700000000000000000e+01 3.430434782608695514e+03
6.800000000000000000e+01 3.447826086956521976e+03
6.900000000000000000e+01 3.465217391304347984e+03
7.000000000000000000e+01 3.482608695652173992e+03
7.100000000000000000e+01 3.500000000000000000e+03
7.200000000000000000e+01 3.517391304347826008e+03
7.300000000000000000e+01 3.534782608695652016e+03
7.400000000000000000e+01 3.552173913043478024e+03
7.500000000000000000e+01 3.569565217391304031e+03
7.600000000000000000e+01 3.586956521739130494e+03
7.700000000000000000e+01 3.604347826086956502e+03
7.800000000000000000e+01 3.621739130434782510e+03
7.900000000000000000e+01 3.639130434782608518e+03
8.000000000000000000e+01 3.656521739130434980e+03
8.100000000000000000e+01 3.673913043478260988e+03
8.200000000000000000e+01 3.691304347826086996e+03
8.300000000000000000e+01 3.708695652173913004e+03
8.400000000000000000e+01 3.726086956521739012e+03
8.500000000000000000e+01 3.743478260869565020e+03
8.600000000000000000e+01 3.760869565217391028e+03
8.700000000000000000e+01 3.778260869565217035e+03
8.800000000000000000e+01 3.795652173913043498e+03
8.900000000000000000e+01 3.813043478260869506e+03
9.000000000000000000e+01 3.830434782608695514e+03
9.100000000000000000e+01 3.847826086956521976e+03
9.200000000000000000e+01 3.865217391304347984e+03
9.300000000000000000e+01 3.882608695652173992e+03
9.400000000000000000e+01 3.900000000000000000e+03
9.500000000000000000e+01 3.917391304347826008e+03
9.600000000000000000e+01 3.934782608695652016e+03
9.700000000000000000e+01 3.952173913043478024e+03
9.800000000000000000e+01 3.969565217391304031e+03
9.900000000000000000e+01 3.986956521739130039e+03
1.000000000000000000e+02 4.004347826086956502e+03
1.010000000000000000e+02 4.021739130434782510e+03
1.020000000000000000e+02 4.039130434782608518e+03
1.030000000000000000e+02 4.056521739130434980e+03
1.040000000000000000e+02 4.073913043478260988e+03
1.050000000000000000e+02 4.091304347826086996e+03
1.060000000000000000e+02 4.108695652173913004e+03
1.070000000000000000e+02 4.126086956521739012e+03
1.080000000000000000e+02 4.143478260869565020e+03
1.090000000000000000e+02 4.160869565217391028e+03
1.100000000000000000e+02 4.178260869565217035e+03
1.110000000000000000e+02 4.195652173913043953e+03
1.120000000000000000e+02 4.213043478260869961e+03
1.130000000000000000e+02 4.230434782608695969e+03
1.140000000000000000e+02 4.247826086956521976e+03
1.150000000000000000e+02 4.265217391304347984e+03
1.160000000000000000e+02 4.282608695652173992e+03
1.170000000000000000e+02 4.300000000000000000e+03
1.180000000000000000e+02 4.317391304347826008e+03
1.190000000000000000e+02 4.334782608695652016e+03
1.200000000000000000e+02 4.352173913043478024e+03
1.210000000000000000e+02 4.369565217391304031e+03
1.220000000000000000e+02 4.386956521739130039e+03
1.230000000000000000e+02 4.404347826086956047e+03
1.240000000000000000e+02 4.421739130434782055e+03
1.250000000000000000e+02 4.439130434782608063e+03
1.260000000000000000e+02 4.456521739130434980e+03
1.270000000000000000e+02 4.473913043478260988e+03
1.280000000000000000e+02 4.491304347826086996e+03
1.290000000000000000e+02 4.508695652173913004e+03
1.300000000000000000e+02 4.526086956521739012e+03
1.310000000000000000e+02 4.543478260869565020e+03
1.320000000000000000e+02 4.560869565217391028e+03
1.330000000000000000e+02 4.578260869565217035e+03
1.340000000000000000e+02 4.595652173913043043e+03
1.350000000000000000e+02 4.613043478260869961e+03
1.360000000000000000e+02 4.630434782608695969e+03
1.370000000000000000e+02 4.647826086956521976e+03
1.380000000000000000e+02 4.665217391304347984e+03
1.390000000000000000e+02 4.682608695652173992e+03
1.400000000000000000e+02 4.700000000000000000e+03
1.410000000000000000e+02 4.717391304347826008e+03
1.420000000000000000e+02 4.734782608695652016e+03
1.430000000000000000e+02 4.752173913043478024e+03
1.440000000000000000e+02 4.769565217391304031e+03
1.450000000000000000e+02 4.786956521739130039e+03
1.460000000000000000e+02 4.804347826086956047e+03
1.470000000000000000e+02 4.821739130434782055e+03
1.480000000000000000e+02 4.839130434782608063e+03
1.490000000000000000e+02 4.856521739130434071e+03
1.500000000000000000e+02 4.873913043478260079e+03
1.510000000000000000e+02 4.891304347826086996e+03
1.520000000000000000e+02 4.908695652173913004e+03
1.530000000000000000e+02 4.926086956521739012e+03
1.540000000000000000e+02 4.943478260869565020e+03
1.550000000000000000e+02 4.960869565217391028e+03
1.560000000000000000e+02 4.978260869565217945e+03
1.570000000000000000e+02 4.995652173913043953e+03
1.580000000000000000e+02 5.013043478260869961e+03
1.590000000000000000e+02 5.030434782608695969e+03
1.600000000000000000e+02 5.047826086956521976e+03
1.610000000000000000e+02 5.065217391304347984e+03
1.620000000000000000e+02 5.082608695652173992e+03
1.630000000000000000e+02 5.100000000000000000e+03
1.640000000000000000e+02 5.117391304347826008e+03
1.650000000000000000e+02 5.134782608695652016e+03
1.660000000000000000e+02 5.152173913043478024e+03
1.670000000000000000e+02 5.169565217391304031e+03
1.680000000000000000e+02 5.186956521739130039e+03
1.690000000000000000e+02 5.204347826086956047e+03
1.700000000000000000e+02 5.221739130434782055e+03
1.710000000000000000e+02 5.239130434782608063e+03
1.720000000000000000e+02 5.256521739130434071e+03
1.730000000000000000e+02 5.273913043478260079e+03
1.740000000000000000e+02 5.291304347826086996e+03
1.750000000000000000e+02 5.308695652173913004e+03
1.760000000000000000e+02 5.326086956521739012e+03
1.770000000000000000e+02 5.343478260869565020e+03
1.780000000000000000e+02 5.360869565217391028e+03
1.790000000000000000e+02 5.378260869565217035e+03
1.800000000000000000e+02 5.395652173913043953e+03
1.810000000000000000e+02 5.413043478260869961e+03
1.820000000000000000e+02 5.430434782608695969e+03
1.830000000000000000e+02 5.447826086956521976e+03
1.840000000000000000e+02 5.465217391304347984e+03
1.850000000000000000e+02 5.482608695652173992e+03
1.860000000000000000e+02 5.500000000000000000e+03
1.870000000000000000e+02 5.517391304347826008e+03
1.880000000000000000e+02 5.534782608695652016e+03
1.890000000000000000e+02 5.552173913043478024e+03
1.900000000000000000e+02 5.569565217391304031e+03
1.910000000000000000e+02 5.586956521739130039e+03
1.920000000000000000e+02 5.604347826086956047e+03
1.930000000000000000e+02 5.621739130434782055e+03
1.940000000000000000e+02 5.639130434782608063e+03
1.950000000000000000e+02 5.656521739130434071e+03
1.960000000000000000e+02 5.673913043478260079e+03
1.970000000000000000e+02 5.691304347826086996e+03
1.980000000000000000e+02 5.708695652173913004e+03
1.990000000000000000e+02 5.726086956521739012e+03
2.000000000000000000e+02 5.743478260869565020e+03
2.010000000000000000e+02 5.760869565217391028e+03
2.020000000000000000e+02 5.778260869565217035e+03
2.030000000000000000e+02 5.795652173913043953e+03
2.040000000000000000e+02 5.813043478260869961e+03
2.050000000000000000e+02 5.830434782608695969e+03
2.060000000000000000e+02 5.847826086956521976e+03
2.070000000000000000e+02 5.865217391304347984e+03
2.080000000000000000e+02 5.882608695652173992e+03
2.090000000000000000e+02 5.900000000000000000e+03
2.100000000000000000e+02 5.917391304347826008e+03
2.110000000000000000e+02 5.934782608695652016e+03
2.120000000000000000e+02 5.952173913043478024e+03
2.130000000000000000e+02 5.969565217391304031e+03
2.140000000000000000e+02 5.986956521739130039e+03
2.150000000000000000e+02 6.004347826086956047e+03
2.160000000000000000e+02 6.021739130434782055e+03
2.170000000000000000e+02 6.039130434782608063e+03
2.180000000000000000e+02 6.056521739130434071e+03
2.190000000000000000e+02 6.073913043478260079e+03
2.200000000000000000e+02 6.091304347826086996e+03
2.210000000000000000e+02 6.108695652173913004e+03
2.220000000000000000e+02 6.126086956521739012e+03
2.230000000000000000e+02 6.143478260869565020e+03
2.240000000000000000e+02 6.160869565217391028e+03
2.250000000000000000e+02 6.178260869565217035e+03
2.260000000000000000e+02 6.195652173913043953e+03
2.270000000000000000e+02 6.213043478260869961e+03
2.280000000000000000e+02 6.230434782608695969e+03
2.290000000000000000e+02 6.247826086956521976e+03
2.300000000000000000e+02 6.265217391304347984e+03
2.310000000000000000e+02 6.282608695652173992e+03
2.320000000000000000e+02 6.300000000000000000e+03
2.330000000000000000e+02 6.317391304347826008e+03
2.340000000000000000e+02 6.334782608695652016e+03
2.350000000000000000e+02 6.352173913043478024e+03
2.360000000000000000e+02 6.369565217391304031e+03
2.370000000000000000e+02 6.386956521739130039e+03
2.380000000000000000e+02 6.404347826086956047e+03
2.390000000000000000e+02 6.421739130434782055e+03
2.400000000000000000e+02 6.439130434782608063e+03
2.410000000000000000e+02 6.456521739130434071e+03
2.420000000000000000e+02 6.473913043478260079e+03
2.430000000000000000e+02 6.491304347826086087e+03
2.440000000000000000e+02 6.508695652173913004e+03
2.450000000000000000e+02 6.526086956521739012e+03
2.460000000000000000e+02 6.543478260869565020e+03
2.470000000000000000e+02 6.560869565217391028e+03
2.480000000000000000e+02 6.578260869565217035e+03
2.490000000000000000e+02 6.595652173913043043e+03
2.500000000000000000e+02 6.613043478260869961e+03
2.510000000000000000e+02 6.630434782608695969e+03
2.520000000000000000e+02 6.647826086956521976e+03
2.530000000000000000e+02 6.665217391304347984e+03
2.540000000000000000e+02 6.682608695652173992e+03
2.550000000000000000e+02 6.700000000000000000e+03
2.560000000000000000e+02 6.717391304347826008e+03
2.570000000000000000e+02 6.734782608695652016e+03
2.580000000000000000e+02 6.752173913043478024e+03
2.590000000000000000e+02 6.769565217391304031e+03
2.600000000000000000e+02 6.786956521739130039e+03
2.610000000000000000e+02 6.804347826086956047e+03
2.620000000000000000e+02 6.821739130434782055e+03
2.630000000000000000e+02 6.839130434782608063e+03
2.640000000000000000e+02 6.856521739130434980e+03
2.650000000000000000e+02 6.873913043478260988e+03
2.660000000000000000e+02 6.891304347826086996e+03
2.670000000000000000e+02 6.908695652173913004e+03
2.680000000000000000e+02 6.926086956521739012e+03
2.690000000000000000e+02 6.943478260869565020e+03
2.700000000000000000e+02 6.960869565217391028e+03
2.710000000000000000e+02 6.978260869565217035e+03
2.720000000000000000e+02 6.995652173913043043e+03
2.730000000000000000e+02 7.013043478260869051e+03
2.740000000000000000e+02 7.030434782608695059e+03
2.750000000000000000e+02 7.047826086956521067e+03
2.760000000000000000e+02 7.065217391304347984e+03
2.770000000000000000e+02 7.082608695652173992e+03
2.780000000000000000e+02 7.100000000000000000e+03
2.790000000000000000e+02 7.117391304347826008e+03
2.800000000000000000e+02 7.134782608695652016e+03
2.810000000000000000e+02 7.152173913043478024e+03
2.820000000000000000e+02 7.169565217391304031e+03
2.830000000000000000e+02 7.186956521739130039e+03
2.840000000000000000e+02 7.204347826086956047e+03
2.850000000000000000e+02 7.221739130434782055e+03
2.860000000000000000e+02 7.239130434782608063e+03
2.870000000000000000e+02 7.256521739130434980e+03
2.880000000000000000e+02 7.273913043478260988e+03
2.890000000000000000e+02 7.291304347826086996e+03
2.900000000000000000e+02 7.308695652173913004e+03
2.910000000000000000e+02 7.326086956521739012e+03
2.920000000000000000e+02 7.343478260869565020e+03
2.930000000000000000e+02 7.360869565217391028e+03
2.940000000000000000e+02 7.378260869565217035e+03
2.950000000000000000e+02 7.395652173913043043e+03
2.960000000000000000e+02 7.413043478260869051e+03
2.970000000000000000e+02 7.430434782608695059e+03
2.980000000000000000e+02 7.447826086956521067e+03
2.990000000000000000e+02 7.465217391304347984e+03
3.000000000000000000e+02 7.482608695652173992e+03
3.010000000000000000e+02 7.500000000000000000e+03
3.020000000000000000e+02 7.517391304347826008e+03
3.030000000000000000e+02 7.534782608695652016e+03
3.040000000000000000e+02 7.552173913043478024e+03
3.050000000000000000e+02 7.569565217391304031e+03
3.060000000000000000e+02 7.586956521739130039e+03
3.070000000000000000e+02 7.604347826086956047e+03
3.080000000000000000e+02 7.621739130434782055e+03
3.090000000000000000e+02 7.639130434782608063e+03
3.100000000000000000e+02 7.656521739130434071e+03
3.110000000000000000e+02 7.673913043478260988e+03
3.120000000000000000e+02 7.691304347826086996e+03
3.130000000000000000e+02 7.708695652173913004e+03
3.140000000000000000e+02 7.726086956521739012e+03
3.150000000000000000e+02 7.743478260869565020e+03
3.160000000000000000e+02 7.760869565217391028e+03
3.170000000000000000e+02 7.778260869565217035e+03
3.180000000000000000e+02 7.795652173913043043e+03
3.190000000000000000e+02 7.813043478260869051e+03
3.200000000000000000e+02 7.830434782608695059e+03
3.210000000000000000e+02 7.847826086956521067e+03
3.220000000000000000e+02 7.865217391304347984e+03
3.230000000000000000e+02 7.882608695652173992e+03
3.240000000000000000e+02 7.900000000000000000e+03
3.250000000000000000e+02 7.917391304347826008e+03
3.260000000000000000e+02 7.934782608695652016e+03
3.270000000000000000e+02 7.952173913043478024e+03
3.280000000000000000e+02 7.969565217391304031e+03
3.290000000000000000e+02 7.986956521739130039e+03
3.300000000000000000e+02 8.004347826086956047e+03
3.310000000000000000e+02 8.021739130434782055e+03
3.320000000000000000e+02 8.039130434782608063e+03
3.330000000000000000e+02 8.056521739130434071e+03
3.340000000000000000e+02 8.073913043478260988e+03
3.350000000000000000e+02 8.091304347826086996e+03
3.360000000000000000e+02 8.108695652173913004e+03
3.370000000000000000e+02 8.126086956521739012e+03
3.380000000000000000e+02 8.143478260869565020e+03
3.390000000000000000e+02 8.160869565217391028e+03
3.400000000000000000e+02 8.178260869565217035e+03
3.410000000000000000e+02 8.195652173913043953e+03
3.420000000000000000e+02 8.213043478260868142e+03
3.430000000000000000e+02 8.230434782608695969e+03
3.440000000000000000e+02 8.247826086956520157e+03
3.450000000000000000e+02 8.265217391304347984e+03
3.460000000000000000e+02 8.282608695652173992e+03
3.470000000000000000e+02 8.300000000000000000e+03
3.480000000000000000e+02 8.317391304347826008e+03
3.490000000000000000e+02 8.334782608695652016e+03
3.500000000000000000e+02 8.352173913043478024e+03
3.510000000000000000e+02 8.369565217391304031e+03
3.520000000000000000e+02 8.386956521739130039e+03
3.530000000000000000e+02 8.404347826086956047e+03
3.540000000000000000e+02 8.421739130434782055e+03
3.550000000000000000e+02 8.439130434782608063e+03
3.560000000000000000e+02 8.456521739130434071e+03
3.570000000000000000e+02 8.473913043478260079e+03
3.580000000000000000e+02 8.491304347826087906e+03
3.590000000000000000e+02 8.508695652173912094e+03
3.600000000000000000e+02 8.526086956521739921e+03
3.610000000000000000e+02 8.543478260869564110e+03
3.620000000000000000e+02 8.560869565217391937e+03
3.630000000000000000e+02 8.578260869565216126e+03
3.640000000000000000e+02 8.595652173913043953e+03
3.650000000000000000e+02 8.613043478260868142e+03
3.660000000000000000e+02 8.630434782608695969e+03
3.670000000000000000e+02 8.647826086956520157e+03
3.680000000000000000e+02 8.665217391304347984e+03
3.690000000000000000e+02 8.682608695652173992e+03
3.700000000000000000e+02 8.700000000000000000e+03
3.710000000000000000e+02 8.717391304347826008e+03
3.720000000000000000e+02 8.734782608695652016e+03
3.730000000000000000e+02 8.752173913043478024e+03
3.740000000000000000e+02 8.769565217391304031e+03
3.750000000000000000e+02 8.786956521739130039e+03
3.760000000000000000e+02 8.804347826086956047e+03
3.770000000000000000e+02 8.821739130434782055e+03
3.780000000000000000e+02 8.839130434782608063e+03
3.790000000000000000e+02 8.856521739130434071e+03
3.800000000000000000e+02 8.873913043478260079e+03
3.810000000000000000e+02 8.891304347826087906e+03
3.820000000000000000e+02 8.908695652173912094e+03
3.830000000000000000e+02 8.926086956521739921e+03
3.840000000000000000e+02 8.943478260869564110e+03
3.850000000000000000e+02 8.960869565217391937e+03
3.860000000000000000e+02 8.978260869565216126e+03
3.870000000000000000e+02 8.995652173913043953e+03
3.880000000000000000e+02 9.013043478260868142e+03
3.890000000000000000e+02 9.030434782608695969e+03
3.900000000000000000e+02 9.047826086956520157e+03
3.910000000000000000e+02 9.065217391304347984e+03
3.920000000000000000e+02 9.082608695652173992e+03
3.930000000000000000e+02 9.100000000000000000e+03
3.940000000000000000e+02 9.117391304347826008e+03
3.950000000000000000e+02 9.134782608695652016e+03
3.960000000000000000e+02 9.152173913043478024e+03
3.970000000000000000e+02 9.169565217391304031e+03
3.980000000000000000e+02 9.186956521739130039e+03
3.990000000000000000e+02 9.204347826086956047e+03
4.000000000000000000e+02 9.221739130434782055e+03
4.010000000000000000e+02 9.239130434782608063e+03
4.020000000000000000e+02 9.256521739130434071e+03
4.030000000000000000e+02 9.273913043478260079e+03
4.040000000000000000e+02 9.291304347826087906e+03
4.050000000000000000e+02 9.308695652173912094e+03
4.060000000000000000e+02 9.326086956521739921e+03
4.070000000000000000e+02 9.343478260869564110e+03
4.080000000000000000e+02 9.360869565217391937e+03
4.090000000000000000e+02 9.378260869565216126e+03
4.100000000000000000e+02 9.395652173913043953e+03
4.110000000000000000e+02 9.413043478260868142e+03
4.120000000000000000e+02 9.430434782608695969e+03
4.130000000000000000e+02 9.447826086956520157e+03
4.140000000000000000e+02 9.465217391304347984e+03
4.150000000000000000e+02 9.482608695652173992e+03
4.160000000000000000e+02 9.500000000000000000e+03
4.170000000000000000e+02 9.517391304347826008e+03
4.180000000000000000e+02 9.534782608695652016e+03
4.190000000000000000e+02 9.552173913043478024e+03
4.200000000000000000e+02 9.569565217391304031e+03
4.210000000000000000e+02 9.586956521739130039e+03
4.220000000000000000e+02 9.604347826086956047e+03
4.230000000000000000e+02 9.621739130434782055e+03
4.240000000000000000e+02 9.639130434782608063e+03
4.250000000000000000e+02 9.656521739130434071e+03
4.260000000000000000e+02 9.673913043478260079e+03
4.270000000000000000e+02 9.691304347826087906e+03
4.280000000000000000e+02 9.708695652173912094e+03
4.290000000000000000e+02 9.726086956521739921e+03
4.300000000000000000e+02 9.743478260869564110e+03
4.310000000000000000e+02 9.760869565217391937e+03
4.320000000000000000e+02 9.778260869565216126e+03
4.330000000000000000e+02 9.795652173913043953e+03
4.340000000000000000e+02 9.813043478260868142e+03
4.350000000000000000e+02 9.830434782608695969e+03
4.360000000000000000e+02 9.847826086956520157e+03
4.370000000000000000e+02 9.865217391304347984e+03
4.380000000000000000e+02 9.882608695652172173e+03
4.390000000000000000e+02 9.900000000000000000e+03
4.400000000000000000e+02 9.917391304347826008e+03
4.410000000000000000e+02 9.934782608695652016e+03
4.420000000000000000e+02 9.952173913043478024e+03
4.430000000000000000e+02 9.969565217391304031e+03
4.440000000000000000e+02 9.986956521739130039e+03
4.450000000000000000e+02 1.000434782608695605e+04
4.460000000000000000e+02 1.002173913043478206e+04
4.470000000000000000e+02 1.003913043478260806e+04
4.480000000000000000e+02 1.005652173913043407e+04
4.490000000000000000e+02 1.007391304347826008e+04
4.500000000000000000e+02 1.009130434782608791e+04
4.510000000000000000e+02 1.010869565217391209e+04
4.520000000000000000e+02 1.012608695652173992e+04
4.530000000000000000e+02 1.014347826086956411e+04
4.540000000000000000e+02 1.016086956521739194e+04
4.550000000000000000e+02 1.017826086956521613e+04
4.560000000000000000e+02 1.019565217391304395e+04
4.570000000000000000e+02 1.021304347826086814e+04
4.580000000000000000e+02 1.023043478260869597e+04
4.590000000000000000e+02 1.024782608695652016e+04
4.600000000000000000e+02 1.026521739130434798e+04
4.610000000000000000e+02 1.028260869565217217e+04
4.620000000000000000e+02 1.030000000000000000e+04
4.630000000000000000e+02 1.031739130434782601e+04
4.640000000000000000e+02 1.033478260869565202e+04
4.650000000000000000e+02 1.035217391304347802e+04
4.660000000000000000e+02 1.036956521739130403e+04
4.670000000000000000e+02 1.038695652173913004e+04
4.680000000000000000e+02 1.040434782608695605e+04
4.690000000000000000e+02 1.042173913043478206e+04
4.700000000000000000e+02 1.043913043478260806e+04
4.710000000000000000e+02 1.045652173913043407e+04
4.720000000000000000e+02 1.047391304347826008e+04
4.730000000000000000e+02 1.049130434782608609e+04
4.740000000000000000e+02 1.050869565217391209e+04
4.750000000000000000e+02 1.052608695652173992e+04
4.760000000000000000e+02 1.054347826086956411e+04
4.770000000000000000e+02 1.056086956521739194e+04
4.780000000000000000e+02 1.057826086956521613e+04
4.790000000000000000e+02 1.059565217391304395e+04
4.800000000000000000e+02 1.061304347826086814e+04
4.810000000000000000e+02 1.063043478260869597e+04
4.820000000000000000e+02 1.064782608695652016e+04
4.830000000000000000e+02 1.066521739130434798e+04
4.840000000000000000e+02 1.068260869565217217e+04
4.850000000000000000e+02 1.070000000000000000e+04
4.860000000000000000e+02 1.071739130434782601e+04
4.870000000000000000e+02 1.073478260869565202e+04
4.880000000000000000e+02 1.075217391304347802e+04
4.890000000000000000e+02 1.076956521739130403e+04
4.900000000000000000e+02 1.078695652173913004e+04
4.910000000000000000e+02 1.080434782608695605e+04
4.920000000000000000e+02 1.082173913043478206e+04
4.930000000000000000e+02 1.083913043478260806e+04
4.940000000000000000e+02 1.085652173913043407e+04
4.950000000000000000e+02 1.087391304347826008e+04
4.960000000000000000e+02 1.089130434782608609e+04
4.970000000000000000e+02 1.090869565217391209e+04
4.980000000000000000e+02 1.092608695652173810e+04
4.990000000000000000e+02 1.094347826086956411e+04
5.000000000000000000e+02 1.096086956521739012e+04
5.010000000000000000e+02 1.097826086956521613e+04
5.020000000000000000e+02 1.099565217391304213e+04
5.030000000000000000e+02 1.101304347826086996e+04
5.040000000000000000e+02 1.103043478260869597e+04
5.050000000000000000e+02 1.104782608695652198e+04
5.060000000000000000e+02 1.106521739130434798e+04
5.070000000000000000e+02 1.108260869565217399e+04
5.080000000000000000e+02 1.110000000000000000e+04
5.090000000000000000e+02 1.111739130434782601e+04
5.100000000000000000e+02 1.113478260869565202e+04
5.110000000000000000e+02 1.115217391304347802e+04
5.120000000000000000e+02 1.116956521739130403e+04
5.130000000000000000e+02 1.118695652173913004e+04
5.140000000000000000e+02 1.120434782608695605e+04
5.150000000000000000e+02 1.122173913043478206e+04
5.160000000000000000e+02 1.123913043478260806e+04
5.170000000000000000e+02 1.125652173913043407e+04
5.180000000000000000e+02 1.127391304347826008e+04
5.190000000000000000e+02 1.129130434782608609e+04
5.200000000000000000e+02 1.130869565217391209e+04
5.210000000000000000e+02 1.132608695652173810e+04
5.220000000000000000e+02 1.134347826086956411e+04
5.230000000000000000e+02 1.136086956521739012e+04
5.240000000000000000e+02 1.137826086956521613e+04
5.250000000000000000e+02 1.139565217391304213e+04
5.260000000000000000e+02 1.141304347826086996e+04
5.270000000000000000e+02 1.143043478260869597e+04
5.280000000000000000e+02 1.144782608695652198e+04
5.290000000000000000e+02 1.146521739130434798e+04
5.300000000000000000e+02 1.148260869565217399e+04
5.310000000000000000e+02 1.150000000000000000e+04
5.320000000000000000e+02 1.151739130434782601e+04
5.330000000000000000e+02 1.153478260869565202e+04
5.340000000000000000e+02 1.155217391304347802e+04
5.350000000000000000e+02 1.156956521739130403e+04
5.360000000000000000e+02 1.158695652173913004e+04
5.370000000000000000e+02 1.160434782608695605e+04
5.380000000000000000e+02 1.162173913043478206e+04
5.390000000000000000e+02 1.163913043478260806e+04
5.400000000000000000e+02 1.165652173913043407e+04
5.410000000000000000e+02 1.167391304347826008e+04
5.420000000000000000e+02 1.169130434782608609e+04
5.430000000000000000e+02 1.170869565217391209e+04
5.440000000000000000e+02 1.172608695652173810e+04
5.450000000000000000e+02 1.174347826086956411e+04
5.460000000000000000e+02 1.176086956521739012e+04
5.470000000000000000e+02 1.177826086956521613e+04
5.480000000000000000e+02 1.179565217391304213e+04
5.490000000000000000e+02 1.181304347826086996e+04
5.500000000000000000e+02 1.183043478260869597e+04
5.510000000000000000e+02 1.184782608695652198e+04
5.520000000000000000e+02 1.186521739130434798e+04
5.530000000000000000e+02 1.188260869565217399e+04
5.540000000000000000e+02 1.190000000000000000e+04
5.550000000000000000e+02 1.191739130434782601e+04
5.560000000000000000e+02 1.193478260869565202e+04
5.570000000000000000e+02 1.195217391304347802e+04
5.580000000000000000e+02 1.196956521739130403e+04
5.590000000000000000e+02 1.198695652173913004e+04
5.600000000000000000e+02 1.200434782608695605e+04
5.610000000000000000e+02 1.202173913043478206e+04
5.620000000000000000e+02 1.203913043478260806e+04
5.630000000000000000e+02 1.205652173913043407e+04
5.640000000000000000e+02 1.207391304347826008e+04
5.650000000000000000e+02 1.209130434782608609e+04
5.660000000000000000e+02 1.210869565217391209e+04
5.670000000000000000e+02 1.212608695652173810e+04
5.680000000000000000e+02 1.214347826086956411e+04
5.690000000000000000e+02 1.216086956521739012e+04
5.700000000000000000e+02 1.217826086956521613e+04
5.710000000000000000e+02 1.219565217391304213e+04
5.720000000000000000e+02 1.221304347826086996e+04
5.730000000000000000e+02 1.223043478260869597e+04
5.740000000000000000e+02 1.224782608695652198e+04
5.750000000000000000e+02 1.226521739130434798e+04
5.760000000000000000e+02 1.228260869565217399e+04
5.770000000000000000e+02 1.230000000000000000e+04
5.780000000000000000e+02 1.231739130434782601e+04
5.790000000000000000e+02 1.233478260869565202e+04
5.800000000000000000e+02 1.235217391304347802e+04
5.810000000000000000e+02 1.236956521739130403e+04
5.820000000000000000e+02 1.238695652173913004e+04
5.830000000000000000e+02 1.240434782608695605e+04
5.840000000000000000e+02 1.242173913043478206e+04
5.850000000000000000e+02 1.243913043478260806e+04
5.860000000000000000e+02 1.245652173913043407e+04
5.870000000000000000e+02 1.247391304347826008e+04
5.880000000000000000e+02 1.249130434782608609e+04
5.890000000000000000e+02 1.250869565217391209e+04
5.900000000000000000e+02 1.252608695652173810e+04
5.910000000000000000e+02 1.254347826086956411e+04
5.920000000000000000e+02 1.256086956521739012e+04
5.930000000000000000e+02 1.257826086956521613e+04
5.940000000000000000e+02 1.259565217391304213e+04
5.950000000000000000e+02 1.261304347826086814e+04
5.960000000000000000e+02 1.263043478260869597e+04
5.970000000000000000e+02 1.264782608695652198e+04
5.980000000000000000e+02 1.266521739130434798e+04
5.990000000000000000e+02 1.268260869565217399e+04
6.000000000000000000e+02 1.270000000000000000e+04
6.010000000000000000e+02 1.271739130434782601e+04
6.020000000000000000e+02 1.273478260869565202e+04
6.030000000000000000e+02 1.275217391304347802e+04
6.040000000000000000e+02 1.276956521739130403e+04
6.050000000000000000e+02 1.278695652173913004e+04
6.060000000000000000e+02 1.280434782608695605e+04
6.070000000000000000e+02 1.282173913043478206e+04
6.080000000000000000e+02 1.283913043478260806e+04
6.090000000000000000e+02 1.285652173913043407e+04
6.100000000000000000e+02 1.287391304347826008e+04
6.110000000000000000e+02 1.289130434782608609e+04
6.120000000000000000e+02 1.290869565217391209e+04
6.130000000000000000e+02 1.292608695652173810e+04
6.140000000000000000e+02 1.294347826086956411e+04
6.150000000000000000e+02 1.296086956521739012e+04
6.160000000000000000e+02 1.297826086956521613e+04
6.170000000000000000e+02 1.299565217391304213e+04
6.180000000000000000e+02 1.301304347826086814e+04
6.190000000000000000e+02 1.303043478260869597e+04
6.200000000000000000e+02 1.304782608695652198e+04
6.210000000000000000e+02 1.306521739130434798e+04
6.220000000000000000e+02 1.308260869565217399e+04
6.230000000000000000e+02 1.310000000000000000e+04
6.240000000000000000e+02 1.311739130434782601e+04
6.250000000000000000e+02 1.313478260869565202e+04
6.260000000000000000e+02 1.315217391304347802e+04
6.270000000000000000e+02 1.316956521739130403e+04
6.280000000000000000e+02 1.318695652173913004e+04
6.290000000000000000e+02 1.320434782608695605e+04
6.300000000000000000e+02 1.322173913043478206e+04
6.310000000000000000e+02 1.323913043478260806e+04
6.320000000000000000e+02 1.325652173913043407e+04
6.330000000000000000e+02 1.327391304347826008e+04
6.340000000000000000e+02 1.329130434782608609e+04
6.350000000000000000e+02 1.330869565217391209e+04
6.360000000000000000e+02 1.332608695652173810e+04
6.370000000000000000e+02 1.334347826086956411e+04
6.380000000000000000e+02 1.336086956521739012e+04
6.390000000000000000e+02 1.337826086956521613e+04
6.400000000000000000e+02 1.339565217391304213e+04
6.410000000000000000e+02 1.341304347826086814e+04
6.420000000000000000e+02 1.343043478260869597e+04
6.430000000000000000e+02 1.344782608695652198e+04
6.440000000000000000e+02 1.346521739130434798e+04
6.450000000000000000e+02 1.348260869565217399e+04
6.460000000000000000e+02 1.350000000000000000e+04
6.470000000000000000e+02 1.351739130434782601e+04
6.480000000000000000e+02 1.353478260869565202e+04
6.490000000000000000e+02 1.355217391304347802e+04
6.500000000000000000e+02 1.356956521739130403e+04
6.510000000000000000e+02 1.358695652173913004e+04
6.520000000000000000e+02 1.360434782608695605e+04
6.530000000000000000e+02 1.362173913043478206e+04
6.540000000000000000e+02 1.363913043478260806e+04
6.550000000000000000e+02 1.365652173913043407e+04
6.560000000000000000e+02 1.367391304347826008e+04
6.570000000000000000e+02 1.369130434782608609e+04
6.580000000000000000e+02 1.370869565217391209e+04
6.590000000000000000e+02 1.372608695652173810e+04
6.600000000000000000e+02 1.374347826086956411e+04
6.610000000000000000e+02 1.376086956521739012e+04
6.620000000000000000e+02 1.377826086956521613e+04
6.630000000000000000e+02 1.379565217391304213e+04
6.640000000000000000e+02 1.381304347826086814e+04
6.650000000000000000e+02 1.383043478260869597e+04
6.660000000000000000e+02 1.384782608695652198e+04
6.670000000000000000e+02 1.386521739130434798e+04
6.680000000000000000e+02 1.388260869565217399e+04
6.690000000000000000e+02 1.390000000000000000e+04
6.700000000000000000e+02 1.391739130434782601e+04
6.710000000000000000e+02 1.393478260869565202e+04
6.720000000000000000e+02 1.395217391304347802e+04
6.730000000000000000e+02 1.396956521739130403e+04
6.740000000000000000e+02 1.398695652173913004e+04
6.750000000000000000e+02 1.400434782608695605e+04
6.760000000000000000e+02 1.402173913043478206e+04
6.770000000000000000e+02 1.403913043478260806e+04
6.780000000000000000e+02 1.405652173913043407e+04
6.790000000000000000e+02 1.407391304347826008e+04
6.800000000000000000e+02 1.409130434782608609e+04
6.810000000000000000e+02 1.410869565217391209e+04
6.820000000000000000e+02 1.412608695652173810e+04
6.830000000000000000e+02 1.414347826086956411e+04
6.840000000000000000e+02 1.416086956521739012e+04
6.850000000000000000e+02 1.417826086956521613e+04
6.860000000000000000e+02 1.419565217391304213e+04
6.870000000000000000e+02 1.421304347826086814e+04
6.880000000000000000e+02 1.423043478260869415e+04
6.890000000000000000e+02 1.424782608695652198e+04
6.900000000000000000e+02 1.426521739130434798e+04
6.910000000000000000e+02 1.428260869565217399e+04
6.920000000000000000e+02 1.430000000000000000e+04
6.930000000000000000e+02 1.431739130434782601e+04
6.940000000000000000e+02 1.433478260869565202e+04
6.950000000000000000e+02 1.435217391304347802e+04
6.960000000000000000e+02 1.436956521739130403e+04
6.970000000000000000e+02 1.438695652173913004e+04
6.980000000000000000e+02 1.440434782608695605e+04
6.990000000000000000e+02 1.442173913043478206e+04
7.000000000000000000e+02 1.443913043478260806e+04
7.010000000000000000e+02 1.445652173913043407e+04
7.020000000000000000e+02 1.447391304347826008e+04
7.030000000000000000e+02 1.449130434782608609e+04
7.040000000000000000e+02 1.450869565217391209e+04
7.050000000000000000e+02 1.452608695652173810e+04
7.060000000000000000e+02 1.454347826086956411e+04
7.070000000000000000e+02 1.456086956521739012e+04
7.080000000000000000e+02 1.457826086956521613e+04
7.090000000000000000e+02 1.459565217391304213e+04
7.100000000000000000e+02 1.461304347826086814e+04
7.110000000000000000e+02 1.463043478260869415e+04
7.120000000000000000e+02 1.464782608695652198e+04
7.130000000000000000e+02 1.466521739130434798e+04
7.140000000000000000e+02 1.468260869565217399e+04
7.150000000000000000e+02 1.470000000000000000e+04
7.160000000000000000e+02 1.471739130434782601e+04
7.170000000000000000e+02 1.473478260869565202e+04
7.180000000000000000e+02 1.475217391304347802e+04
7.190000000000000000e+02 1.476956521739130403e+04
7.200000000000000000e+02 1.478695652173913004e+04
7.210000000000000000e+02 1.480434782608695605e+04
7.220000000000000000e+02 1.482173913043478206e+04
7.230000000000000000e+02 1.483913043478260806e+04
7.240000000000000000e+02 1.485652173913043407e+04
7.250000000000000000e+02 1.487391304347826008e+04
7.260000000000000000e+02 1.489130434782608609e+04
7.270000000000000000e+02 1.490869565217391209e+04
7.280000000000000000e+02 1.492608695652173810e+04
7.290000000000000000e+02 1.494347826086956411e+04
7.300000000000000000e+02 1.496086956521739012e+04
7.310000000000000000e+02 1.497826086956521613e+04
7.320000000000000000e+02 1.499565217391304213e+04
7.330000000000000000e+02 1.501304347826086814e+04
7.340000000000000000e+02 1.503043478260869415e+04
7.350000000000000000e+02 1.504782608695652198e+04
7.360000000000000000e+02 1.506521739130434798e+04
7.370000000000000000e+02 1.508260869565217399e+04
7.380000000000000000e+02 1.510000000000000000e+04
7.390000000000000000e+02 1.511739130434782601e+04
7.400000000000000000e+02 1.513478260869565202e+04
7.410000000000000000e+02 1.515217391304347802e+04
7.420000000000000000e+02 1.516956521739130403e+04
7.430000000000000000e+02 1.518695652173913004e+04
7.440000000000000000e+02 1.520434782608695605e+04
7.450000000000000000e+02 1.522173913043478206e+04
7.460000000000000000e+02 1.523913043478260806e+04
7.470000000000000000e+02 1.525652173913043407e+04
7.480000000000000000e+02 1.527391304347826008e+04
7.490000000000000000e+02 1.529130434782608609e+04
7.500000000000000000e+02 1.530869565217391209e+04
7.510000000000000000e+02 1.532608695652173810e+04
7.520000000000000000e+02 1.534347826086956411e+04
7.530000000000000000e+02 1.536086956521739012e+04
7.540000000000000000e+02 1.537826086956521613e+04
7.550000000000000000e+02 1.539565217391304213e+04
7.560000000000000000e+02 1.541304347826086814e+04
7.570000000000000000e+02 1.543043478260869415e+04
7.580000000000000000e+02 1.544782608695652016e+04
7.590000000000000000e+02 1.546521739130434798e+04
7.600000000000000000e+02 1.548260869565217399e+04
7.610000000000000000e+02 1.550000000000000000e+04
7.620000000000000000e+02 1.551739130434782601e+04
7.630000000000000000e+02 1.553478260869565202e+04
7.640000000000000000e+02 1.555217391304347802e+04
7.650000000000000000e+02 1.556956521739130403e+04
7.660000000000000000e+02 1.558695652173913004e+04
7.670000000000000000e+02 1.560434782608695605e+04
7.680000000000000000e+02 1.562173913043478206e+04
7.690000000000000000e+02 1.563913043478260806e+04
7.700000000000000000e+02 1.565652173913043407e+04
7.710000000000000000e+02 1.567391304347826008e+04
7.720000000000000000e+02 1.569130434782608609e+04
7.730000000000000000e+02 1.570869565217391209e+04
7.740000000000000000e+02 1.572608695652173810e+04
7.750000000000000000e+02 1.574347826086956411e+04
7.760000000000000000e+02 1.576086956521739012e+04
7.770000000000000000e+02 1.577826086956521613e+04
7.780000000000000000e+02 1.579565217391304213e+04
7.790000000000000000e+02 1.581304347826086814e+04
7.800000000000000000e+02 1.583043478260869415e+04
7.810000000000000000e+02 1.584782608695652016e+04
7.820000000000000000e+02 1.586521739130434798e+04
7.830000000000000000e+02 1.588260869565217399e+04
7.840000000000000000e+02 1.590000000000000000e+04
7.850000000000000000e+02 1.591739130434782601e+04
7.860000000000000000e+02 1.593478260869565202e+04
7.870000000000000000e+02 1.595217391304347802e+04
7.880000000000000000e+02 1.596956521739130403e+04
7.890000000000000000e+02 1.598695652173913004e+04
7.900000000000000000e+02 1.600434782608695605e+04
7.910000000000000000e+02 1.602173913043478206e+04
7.920000000000000000e+02 1.603913043478260806e+04
7.930000000000000000e+02 1.605652173913043407e+04
7.940000000000000000e+02 1.607391304347826008e+04
7.950000000000000000e+02 1.609130434782608609e+04
7.960000000000000000e+02 1.610869565217391209e+04
7.970000000000000000e+02 1.612608695652173810e+04
7.980000000000000000e+02 1.614347826086956411e+04
7.990000000000000000e+02 1.616086956521739012e+04
8.000000000000000000e+02 1.617826086956521613e+04
8.010000000000000000e+02 1.619565217391304213e+04
8.020000000000000000e+02 1.621304347826086814e+04
8.030000000000000000e+02 1.623043478260869415e+04
8.040000000000000000e+02 1.624782608695652016e+04
8.050000000000000000e+02 1.626521739130434798e+04
8.060000000000000000e+02 1.628260869565217399e+04
8.070000000000000000e+02 1.630000000000000000e+04
8.080000000000000000e+02 1.631739130434782601e+04
8.090000000000000000e+02 1.633478260869565202e+04
8.100000000000000000e+02 1.635217391304347802e+04
8.110000000000000000e+02 1.636956521739130403e+04
8.120000000000000000e+02 1.638695652173912822e+04
8.130000000000000000e+02 1.640434782608695605e+04
8.140000000000000000e+02 1.642173913043478387e+04
8.150000000000000000e+02 1.643913043478260806e+04
8.160000000000000000e+02 1.645652173913043225e+04
8.170000000000000000e+02 1.647391304347826008e+04
8.180000000000000000e+02 1.649130434782608791e+04
8.190000000000000000e+02 1.650869565217391209e+04
8.200000000000000000e+02 1.652608695652173628e+04
8.210000000000000000e+02 1.654347826086956411e+04
8.220000000000000000e+02 1.656086956521739194e+04
8.230000000000000000e+02 1.657826086956521613e+04
8.240000000000000000e+02 1.659565217391304031e+04
8.250000000000000000e+02 1.661304347826086814e+04
8.260000000000000000e+02 1.663043478260869597e+04
8.270000000000000000e+02 1.664782608695652016e+04
8.280000000000000000e+02 1.666521739130434798e+04
8.290000000000000000e+02 1.668260869565217581e+04
8.300000000000000000e+02 1.670000000000000000e+04
8.310000000000000000e+02 1.671739130434782419e+04
8.320000000000000000e+02 1.673478260869565202e+04
8.330000000000000000e+02 1.675217391304347984e+04
8.340000000000000000e+02 1.676956521739130403e+04
8.350000000000000000e+02 1.678695652173912822e+04
8.360000000000000000e+02 1.680434782608695605e+04
8.370000000000000000e+02 1.682173913043478387e+04
8.380000000000000000e+02 1.683913043478260806e+04
8.390000000000000000e+02 1.685652173913043225e+04
8.400000000000000000e+02 1.687391304347826008e+04
8.410000000000000000e+02 1.689130434782608791e+04
8.420000000000000000e+02 1.690869565217391209e+04
8.430000000000000000e+02 1.692608695652173628e+04
8.440000000000000000e+02 1.694347826086956411e+04
8.450000000000000000e+02 1.696086956521739194e+04
8.460000000000000000e+02 1.697826086956521613e+04
8.470000000000000000e+02 1.699565217391304031e+04
8.480000000000000000e+02 1.701304347826086814e+04
8.490000000000000000e+02 1.703043478260869597e+04
8.500000000000000000e+02 1.704782608695652016e+04
8.510000000000000000e+02 1.706521739130434435e+04
8.520000000000000000e+02 1.708260869565217581e+04
8.530000000000000000e+02 1.710000000000000000e+04
8.540000000000000000e+02 1.711739130434782419e+04
8.550000000000000000e+02 1.713478260869565202e+04
8.560000000000000000e+02 1.715217391304347984e+04
8.570000000000000000e+02 1.716956521739130403e+04
8.580000000000000000e+02 1.718695652173912822e+04
8.590000000000000000e+02 1.720434782608695605e+04
8.600000000000000000e+02 1.722173913043478387e+04
8.610000000000000000e+02 1.723913043478260806e+04
8.620000000000000000e+02 1.725652173913043225e+04
8.630000000000000000e+02 1.727391304347826008e+04
8.640000000000000000e+02 1.729130434782608791e+04
8.650000000000000000e+02 1.730869565217391209e+04
8.660000000000000000e+02 1.732608695652173628e+04
8.670000000000000000e+02 1.734347826086956411e+04
8.680000000000000000e+02 1.736086956521739194e+04
8.690000000000000000e+02 1.737826086956521613e+04
8.700000000000000000e+02 1.739565217391304031e+04
8.710000000000000000e+02 1.741304347826086814e+04
8.720000000000000000e+02 1.743043478260869597e+04
8.730000000000000000e+02 1.744782608695652016e+04
8.740000000000000000e+02 1.746521739130434435e+04
8.750000000000000000e+02 1.748260869565217581e+04
8.760000000000000000e+02 1.750000000000000000e+04
8.770000000000000000e+02 1.751739130434782419e+04
8.780000000000000000e+02 1.753478260869565202e+04
8.790000000000000000e+02 1.755217391304347984e+04
8.800000000000000000e+02 1.756956521739130403e+04
8.810000000000000000e+02 1.758695652173912822e+04
8.820000000000000000e+02 1.760434782608695605e+04
8.830000000000000000e+02 1.762173913043478387e+04
8.840000000000000000e+02 1.763913043478260806e+04
8.850000000000000000e+02 1.765652173913043225e+04
8.860000000000000000e+02 1.767391304347826008e+04
8.870000000000000000e+02 1.769130434782608791e+04
8.880000000000000000e+02 1.770869565217391209e+04
8.890000000000000000e+02 1.772608695652173628e+04
8.900000000000000000e+02 1.774347826086956411e+04
8.910000000000000000e+02 1.776086956521739194e+04
8.920000000000000000e+02 1.777826086956521613e+04
8.930000000000000000e+02 1.779565217391304031e+04
8.940000000000000000e+02 1.781304347826086814e+04
8.950000000000000000e+02 1.783043478260869597e+04
8.960000000000000000e+02 1.784782608695652016e+04
8.970000000000000000e+02 1.786521739130434435e+04
8.980000000000000000e+02 1.788260869565217581e+04
8.990000000000000000e+02 1.790000000000000000e+04
9.000000000000000000e+02 1.791739130434782419e+04
9.010000000000000000e+02 1.793478260869565202e+04
9.020000000000000000e+02 1.795217391304347984e+04
9.030000000000000000e+02 1.796956521739130403e+04
9.040000000000000000e+02 1.798695652173912822e+04
9.050000000000000000e+02 1.800434782608695605e+04
9.060000000000000000e+02 1.802173913043478387e+04
9.070000000000000000e+02 1.803913043478260806e+04
9.080000000000000000e+02 1.805652173913043225e+04
9.090000000000000000e+02 1.807391304347826008e+04
9.100000000000000000e+02 1.809130434782608791e+04
9.110000000000000000e+02 1.810869565217391209e+04
9.120000000000000000e+02 1.812608695652173628e+04
9.130000000000000000e+02 1.814347826086956411e+04
9.140000000000000000e+02 1.816086956521739194e+04
9.150000000000000000e+02 1.817826086956521613e+04
9.160000000000000000e+02 1.819565217391304031e+04
9.170000000000000000e+02 1.821304347826086814e+04
9.180000000000000000e+02 1.823043478260869597e+04
9.190000000000000000e+02 1.824782608695652016e+04
9.200000000000000000e+02 1.826521739130434435e+04
9.210000000000000000e+02 1.828260869565217217e+04
9.220000000000000000e+02 1.830000000000000000e+04
9.230000000000000000e+02 1.831739130434782419e+04
9.240000000000000000e+02 1.833478260869565202e+04
9.250000000000000000e+02 1.835217391304347984e+04
9.260000000000000000e+02 1.836956521739130403e+04
9.270000000000000000e+02 1.838695652173912822e+04
9.280000000000000000e+02 1.840434782608695605e+04
9.290000000000000000e+02 1.842173913043478387e+04
9.300000000000000000e+02 1.843913043478260806e+04
9.310000000000000000e+02 1.845652173913043225e+04
9.320000000000000000e+02 1.847391304347826008e+04
9.330000000000000000e+02 1.849130434782608791e+04
9.340000000000000000e+02 1.850869565217391209e+04
9.350000000000000000e+02 1.852608695652173628e+04
9.360000000000000000e+02 1.854347826086956411e+04
9.370000000000000000e+02 1.856086956521739194e+04
9.380000000000000000e+02 1.857826086956521613e+04
9.390000000000000000e+02 1.859565217391304031e+04
9.400000000000000000e+02 1.861304347826086814e+04
9.410000000000000000e+02 1.863043478260869597e+04
9.420000000000000000e+02 1.864782608695652016e+04
9.430000000000000000e+02 1.866521739130434435e+04
9.440000000000000000e+02 1.868260869565217217e+04
9.450000000000000000e+02 1.870000000000000000e+04
9.460000000000000000e+02 1.871739130434782419e+04
9.470000000000000000e+02 1.873478260869565202e+04
9.480000000000000000e+02 1.875217391304347984e+04
9.490000000000000000e+02 1.876956521739130403e+04
9.500000000000000000e+02 1.878695652173912822e+04
9.510000000000000000e+02 1.880434782608695605e+04
9.520000000000000000e+02 1.882173913043478387e+04
9.530000000000000000e+02 1.883913043478260806e+04
9.540000000000000000e+02 1.885652173913043225e+04
9.550000000000000000e+02 1.887391304347826008e+04
9.560000000000000000e+02 1.889130434782608791e+04
9.570000000000000000e+02 1.890869565217391209e+04
9.580000000000000000e+02 1.892608695652173628e+04
9.590000000000000000e+02 1.894347826086956411e+04
9.600000000000000000e+02 1.896086956521739194e+04
9.610000000000000000e+02 1.897826086956521613e+04
9.620000000000000000e+02 1.899565217391304031e+04
9.630000000000000000e+02 1.901304347826086814e+04
9.640000000000000000e+02 1.903043478260869597e+04
9.650000000000000000e+02 1.904782608695652016e+04
9.660000000000000000e+02 1.906521739130434435e+04
9.670000000000000000e+02 1.908260869565217217e+04
9.680000000000000000e+02 1.910000000000000000e+04
9.690000000000000000e+02 1.911739130434782419e+04
9.700000000000000000e+02 1.913478260869565202e+04
9.710000000000000000e+02 1.915217391304347620e+04
9.720000000000000000e+02 1.916956521739130403e+04
9.730000000000000000e+02 1.918695652173912822e+04
9.740000000000000000e+02 1.920434782608695605e+04
9.750000000000000000e+02 1.922173913043478024e+04
9.760000000000000000e+02 1.923913043478260806e+04
9.770000000000000000e+02 1.925652173913043225e+04
9.780000000000000000e+02 1.927391304347826008e+04
9.790000000000000000e+02 1.929130434782608427e+04
9.800000000000000000e+02 1.930869565217391209e+04
9.810000000000000000e+02 1.932608695652173992e+04
9.820000000000000000e+02 1.934347826086956411e+04
9.830000000000000000e+02 1.936086956521739194e+04
9.840000000000000000e+02 1.937826086956521613e+04
9.850000000000000000e+02 1.939565217391304395e+04
9.860000000000000000e+02 1.941304347826086814e+04
9.870000000000000000e+02 1.943043478260869597e+04
9.880000000000000000e+02 1.944782608695652016e+04
9.890000000000000000e+02 1.946521739130434798e+04
9.900000000000000000e+02 1.948260869565217217e+04
9.910000000000000000e+02 1.950000000000000000e+04
9.920000000000000000e+02 1.951739130434782419e+04
9.930000000000000000e+02 1.953478260869565202e+04
9.940000000000000000e+02 1.955217391304347620e+04
9.950000000000000000e+02 1.956956521739130403e+04
9.960000000000000000e+02 1.958695652173912822e+04
9.970000000000000000e+02 1.960434782608695605e+04
9.980000000000000000e+02 1.962173913043478024e+04
9.990000000000000000e+02 1.963913043478260806e+04
