# 5 1000
# Pressure, Entropy, Quantity
# column * scaling factor should be SI units
# scaling factors (constant) for each column given on line below
# 1000000000.0 1.0
0.000000000000000000e+00 1.380603808046428185e+03
1.000000000000000000e+00 1.497198137963829822e+03
2.000000000000000000e+00 1.635008419299128036e+03
3.000000000000000000e+00 1.758701253593914998e+03
4.000000000000000000e+00 1.864534969335446704e+03
5.000000000000000000e+00 1.951216745968479927e+03
6.000000000000000000e+00 2.020109618993526055e+03
7.000000000000000000e+00 2.074777177230520465e+03
8.000000000000000000e+00 2.118303417051398355e+03
9.000000000000000000e+00 2.153325051628094570e+03
1.000000000000000000e+01 2.182063820180544553e+03
1.100000000000000000e+01 2.206330256676862518e+03
1.200000000000000000e+01 2.227663479848136831e+03
1.300000000000000000e+01 2.247226464114302416e+03
1.400000000000000000e+01 2.265897561047294403e+03
1.500000000000000000e+01 2.284302808619048847e+03
1.600000000000000000e+01 2.302848240449499826e+03
1.700000000000000000e+01 2.321756337067175082e+03
1.800000000000000000e+01 2.341084830642750148e+03
1.900000000000000000e+01 2.360771121196160038e+03
2.000000000000000000e+01 2.380662955499339660e+03
2.100000000000000000e+01 2.400550736324224545e+03
2.200000000000000000e+01 2.420199831690749761e+03
2.300000000000000000e+01 2.439376588687855474e+03
2.400000000000000000e+01 2.457897272925803918e+03
2.500000000000000000e+01 2.475648750024530727e+03
2.600000000000000000e+01 2.492623201955970671e+03
2.700000000000000000e+01 2.508950436292059294e+03
2.800000000000000000e+01 2.524930195452731368e+03
2.900000000000000000e+01 2.540885520542481117e+03
3.000000000000000000e+01 2.556840845632229502e+03
3.100000000000000000e+01 2.572796170721978342e+03
3.200000000000000000e+01 2.588751495811726727e+03
3.300000000000000000e+01 2.604706820901475567e+03
3.400000000000000000e+01 2.620662145991224406e+03
3.500000000000000000e+01 2.636617471080973246e+03
3.600000000000000000e+01 2.652572796170721631e+03
3.700000000000000000e+01 2.668528121260470471e+03
3.800000000000000000e+01 2.684483446350218856e+03
3.900000000000000000e+01 2.700438771439967695e+03
4.000000000000000000e+01 2.716394096529716535e+03
4.100000000000000000e+01 2.732349421619465375e+03
4.200000000000000000e+01 2.748304746709214214e+03
4.300000000000000000e+01 2.764260071798962599e+03
4.400000000000000000e+01 2.780215396888711439e+03
4.500000000000000000e+01 2.796170721978460278e+03
4.600000000000000000e+01 2.812126047068209118e+03
4.700000000000000000e+01 2.828081372157957503e+03
4.800000000000000000e+01 2.844036697247706343e+03
4.900000000000000000e+01 2.859992022337454728e+03
5.000000000000000000e+01 2.875947347427203567e+03
5.100000000000000000e+01 2.891902672516951952e+03
5.200000000000000000e+01 2.907857997606701247e+03
5.300000000000000000e+01 2.923813322696449632e+03
5.400000000000000000e+01 2.939768647786198471e+03
5.500000000000000000e+01 2.955723972875946856e+03
5.600000000000000000e+01 2.971679297965695696e+03
5.700000000000000000e+01 2.987634623055444536e+03
5.800000000000000000e+01 3.003589948145193375e+03
5.900000000000000000e+01 3.019545273234941760e+03
6.000000000000000000e+01 3.035500598324690600e+03
6.100000000000000000e+01 3.051455923414439440e+03
6.200000000000000000e+01 3.067411248504187824e+03
6.300000000000000000e+01 3.083366573593936664e+03
6.400000000000000000e+01 3.099321898683685504e+03
6.500000000000000000e+01 3.115277223773434343e+03
6.600000000000000000e+01 3.131232548863182728e+03
6.700000000000000000e+01 3.147187873952931568e+03
6.800000000000000000e+01 3.163143199042680408e+03
6.900000000000000000e+01 3.179098524132429247e+03
7.000000000000000000e+01 3.195053849222177632e+03
7.100000000000000000e+01 3.211009174311926472e+03
7.200000000000000000e+01 3.226964499401674857e+03
7.300000000000000000e+01 3.242919824491423697e+03
7.400000000000000000e+01 3.258875149581172082e+03
7.500000000000000000e+01 3.274830474670920921e+03
7.600000000000000000e+01 3.290785799760669761e+03
7.700000000000000000e+01 3.306741124850418601e+03
7.800000000000000000e+01 3.322696449940166985e+03
7.900000000000000000e+01 3.338651775029915825e+03
8.000000000000000000e+01 3.354607100119664665e+03
8.100000000000000000e+01 3.370562425209413504e+03
8.200000000000000000e+01 3.386517750299162344e+03
8.300000000000000000e+01 3.402473075388910729e+03
8.400000000000000000e+01 3.418428400478659569e+03
8.500000000000000000e+01 3.434383725568407954e+03
8.600000000000000000e+01 3.450339050658156793e+03
8.700000000000000000e+01 3.466294375747905178e+03
8.800000000000000000e+01 3.482249700837654473e+03
8.900000000000000000e+01 3.498205025927402858e+03
9.000000000000000000e+01 3.514160351017151697e+03
9.100000000000000000e+01 3.530115676106900537e+03
9.200000000000000000e+01 3.546071001196649377e+03
9.300000000000000000e+01 3.562026326286397762e+03
9.400000000000000000e+01 3.577981651376146601e+03
9.500000000000000000e+01 3.593936976465894986e+03
9.600000000000000000e+01 3.609892301555643826e+03
9.700000000000000000e+01 3.625847626645392211e+03
9.800000000000000000e+01 3.641802951735141050e+03
9.900000000000000000e+01 3.657758276824889890e+03
1.000000000000000000e+02 3.673713601914638730e+03
1.010000000000000000e+02 3.689668927004387569e+03
1.020000000000000000e+02 3.705624252094135954e+03
1.030000000000000000e+02 3.721579577183885249e+03
1.040000000000000000e+02 3.737534902273633634e+03
1.050000000000000000e+02 3.753490227363382473e+03
1.060000000000000000e+02 3.769445552453130858e+03
1.070000000000000000e+02 3.785400877542879698e+03
1.080000000000000000e+02 3.801356202632628083e+03
1.090000000000000000e+02 3.817311527722376923e+03
1.100000000000000000e+02 3.833266852812125308e+03
1.110000000000000000e+02 3.849222177901875057e+03
1.120000000000000000e+02 3.865177502991623442e+03
1.130000000000000000e+02 3.881132828081372281e+03
1.140000000000000000e+02 3.897088153171120666e+03
1.150000000000000000e+02 3.913043478260869506e+03
1.160000000000000000e+02 3.928998803350617891e+03
1.170000000000000000e+02 3.944954128440366731e+03
1.180000000000000000e+02 3.960909453530115115e+03
1.190000000000000000e+02 3.976864778619863955e+03
1.200000000000000000e+02 3.992820103709612795e+03
1.210000000000000000e+02 4.008775428799361180e+03
1.220000000000000000e+02 4.024730753889110019e+03
1.230000000000000000e+02 4.040686078978858404e+03
1.240000000000000000e+02 4.056641404068607244e+03
1.250000000000000000e+02 4.072596729158355629e+03
1.260000000000000000e+02 4.088552054248105378e+03
1.270000000000000000e+02 4.104507379337854218e+03
1.280000000000000000e+02 4.120462704427602148e+03
1.290000000000000000e+02 4.136418029517350988e+03
1.300000000000000000e+02 4.152373354607099827e+03
1.310000000000000000e+02 4.168328679696848667e+03
1.320000000000000000e+02 4.184284004786596597e+03
1.330000000000000000e+02 4.200239329876345437e+03
1.340000000000000000e+02 4.216194654966094276e+03
1.350000000000000000e+02 4.232149980055844026e+03
1.360000000000000000e+02 4.248105305145591956e+03
1.370000000000000000e+02 4.264060630235340795e+03
1.380000000000000000e+02 4.280015955325089635e+03
1.390000000000000000e+02 4.295971280414838475e+03
1.400000000000000000e+02 4.311926605504586405e+03
1.410000000000000000e+02 4.327881930594335245e+03
1.420000000000000000e+02 4.343837255684084084e+03
1.430000000000000000e+02 4.359792580773832924e+03
1.440000000000000000e+02 4.375747905863581764e+03
1.450000000000000000e+02 4.391703230953329694e+03
1.460000000000000000e+02 4.407658556043078534e+03
1.470000000000000000e+02 4.423613881132827373e+03
1.480000000000000000e+02 4.439569206222576213e+03
1.490000000000000000e+02 4.455524531312324143e+03
1.500000000000000000e+02 4.471479856402072983e+03
1.510000000000000000e+02 4.487435181491822732e+03
1.520000000000000000e+02 4.503390506581571572e+03
1.530000000000000000e+02 4.519345831671319502e+03
1.540000000000000000e+02 4.535301156761068341e+03
1.550000000000000000e+02 4.551256481850817181e+03
1.560000000000000000e+02 4.567211806940566930e+03
1.570000000000000000e+02 4.583167132030314860e+03
1.580000000000000000e+02 4.599122457120063700e+03
1.590000000000000000e+02 4.615077782209812540e+03
1.600000000000000000e+02 4.631033107299561379e+03
1.610000000000000000e+02 4.646988432389309310e+03
1.620000000000000000e+02 4.662943757479058149e+03
1.630000000000000000e+02 4.678899082568806989e+03
1.640000000000000000e+02 4.694854407658555829e+03
1.650000000000000000e+02 4.710809732748304668e+03
1.660000000000000000e+02 4.726765057838052599e+03
1.670000000000000000e+02 4.742720382927801438e+03
1.680000000000000000e+02 4.758675708017550278e+03
1.690000000000000000e+02 4.774631033107299118e+03
1.700000000000000000e+02 4.790586358197047048e+03
1.710000000000000000e+02 4.806541683286795887e+03
1.720000000000000000e+02 4.822497008376544727e+03
1.730000000000000000e+02 4.838452333466293567e+03
1.740000000000000000e+02 4.854407658556042406e+03
1.750000000000000000e+02 4.870362983645791246e+03
1.760000000000000000e+02 4.886318308735540086e+03
1.770000000000000000e+02 4.902273633825288925e+03
1.780000000000000000e+02 4.918228958915036856e+03
1.790000000000000000e+02 4.934184284004785695e+03
1.800000000000000000e+02 4.950139609094535444e+03
1.810000000000000000e+02 4.966094934184284284e+03
1.820000000000000000e+02 4.982050259274032214e+03
1.830000000000000000e+02 4.998005584363781054e+03
1.840000000000000000e+02 5.013960909453529894e+03
1.850000000000000000e+02 5.029916234543278733e+03
1.860000000000000000e+02 5.045871559633027573e+03
1.870000000000000000e+02 5.061826884722775503e+03
1.880000000000000000e+02 5.077782209812524343e+03
1.890000000000000000e+02 5.093737534902273183e+03
1.900000000000000000e+02 5.109692859992022022e+03
1.910000000000000000e+02 5.125648185081769952e+03
1.920000000000000000e+02 5.141603510171518792e+03
1.930000000000000000e+02 5.157558835261267632e+03
1.940000000000000000e+02 5.173514160351016471e+03
1.950000000000000000e+02 5.189469485440764402e+03
1.960000000000000000e+02 5.205424810530513241e+03
1.970000000000000000e+02 5.221380135620262990e+03
1.980000000000000000e+02 5.237335460710011830e+03
1.990000000000000000e+02 5.253290785799759760e+03
2.000000000000000000e+02 5.269246110889508600e+03
2.010000000000000000e+02 5.285201435979257440e+03
2.020000000000000000e+02 5.301156761069006279e+03
2.030000000000000000e+02 5.317112086158755119e+03
2.040000000000000000e+02 5.333067411248503959e+03
2.050000000000000000e+02 5.349022736338252798e+03
2.060000000000000000e+02 5.364978061428001638e+03
2.070000000000000000e+02 5.380933386517750478e+03
2.080000000000000000e+02 5.396888711607498408e+03
2.090000000000000000e+02 5.412844036697247248e+03
2.100000000000000000e+02 5.428799361786996087e+03
2.110000000000000000e+02 5.444754686876744927e+03
2.120000000000000000e+02 5.460710011966492857e+03
2.130000000000000000e+02 5.476665337056241697e+03
2.140000000000000000e+02 5.492620662145990536e+03
2.150000000000000000e+02 5.508575987235739376e+03
2.160000000000000000e+02 5.524531312325487306e+03
2.170000000000000000e+02 5.540486637415236146e+03
2.180000000000000000e+02 5.556441962504984986e+03
2.190000000000000000e+02 5.572397287594733825e+03
2.200000000000000000e+02 5.588352612684482665e+03
2.210000000000000000e+02 5.604307937774231505e+03
2.220000000000000000e+02 5.620263262863980344e+03
2.230000000000000000e+02 5.636218587953729184e+03
2.240000000000000000e+02 5.652173913043478024e+03
2.250000000000000000e+02 5.668129238133225954e+03
2.260000000000000000e+02 5.684084563222975703e+03
2.270000000000000000e+02 5.700039888312724543e+03
2.280000000000000000e+02 5.715995213402473382e+03
2.290000000000000000e+02 5.731950538492221312e+03
2.300000000000000000e+02 5.747905863581970152e+03
2.310000000000000000e+02 5.763861188671718992e+03
2.320000000000000000e+02 5.779816513761467832e+03
2.330000000000000000e+02 5.795771838851215762e+03
2.340000000000000000e+02 5.811727163940964601e+03
2.350000000000000000e+02 5.827682489030713441e+03
2.360000000000000000e+02 5.843637814120462281e+03
2.370000000000000000e+02 5.859593139210210211e+03
2.380000000000000000e+02 5.875548464299959051e+03
2.390000000000000000e+02 5.891503789389707890e+03
2.400000000000000000e+02 5.907459114479456730e+03
2.410000000000000000e+02 5.923414439569205570e+03
2.420000000000000000e+02 5.939369764658953500e+03
2.430000000000000000e+02 5.955325089748702339e+03
2.440000000000000000e+02 5.971280414838452089e+03
2.450000000000000000e+02 5.987235739928200928e+03
2.460000000000000000e+02 6.003191065017948858e+03
2.470000000000000000e+02 6.019146390107697698e+03
2.480000000000000000e+02 6.035101715197446538e+03
2.490000000000000000e+02 6.051057040287195377e+03
2.500000000000000000e+02 6.067012365376944217e+03
2.510000000000000000e+02 6.082967690466693057e+03
2.520000000000000000e+02 6.098923015556441896e+03
2.530000000000000000e+02 6.114878340646190736e+03
2.540000000000000000e+02 6.130833665735938666e+03
2.550000000000000000e+02 6.146788990825687506e+03
2.560000000000000000e+02 6.162744315915436346e+03
2.570000000000000000e+02 6.178699641005185185e+03
2.580000000000000000e+02 6.194654966094933116e+03
2.590000000000000000e+02 6.210610291184681955e+03
2.600000000000000000e+02 6.226565616274430795e+03
2.610000000000000000e+02 6.242520941364179635e+03
2.620000000000000000e+02 6.258476266453928474e+03
2.630000000000000000e+02 6.274431591543676404e+03
2.640000000000000000e+02 6.290386916633426154e+03
2.650000000000000000e+02 6.306342241723174993e+03
2.660000000000000000e+02 6.322297566812923833e+03
2.670000000000000000e+02 6.338252891902671763e+03
2.680000000000000000e+02 6.354208216992420603e+03
2.690000000000000000e+02 6.370163542082169442e+03
2.700000000000000000e+02 6.386118867171918282e+03
2.710000000000000000e+02 6.402074192261666212e+03
2.720000000000000000e+02 6.418029517351415052e+03
2.730000000000000000e+02 6.433984842441163892e+03
2.740000000000000000e+02 6.449940167530912731e+03
2.750000000000000000e+02 6.465895492620660661e+03
2.760000000000000000e+02 6.481850817710410411e+03
2.770000000000000000e+02 6.497806142800159250e+03
2.780000000000000000e+02 6.513761467889908090e+03
2.790000000000000000e+02 6.529716792979656020e+03
2.800000000000000000e+02 6.545672118069404860e+03
2.810000000000000000e+02 6.561627443159153700e+03
2.820000000000000000e+02 6.577582768248902539e+03
2.830000000000000000e+02 6.593538093338651379e+03
2.840000000000000000e+02 6.609493418428399309e+03
2.850000000000000000e+02 6.625448743518148149e+03
2.860000000000000000e+02 6.641404068607896988e+03
2.870000000000000000e+02 6.657359393697645828e+03
2.880000000000000000e+02 6.673314718787394668e+03
2.890000000000000000e+02 6.689270043877143507e+03
2.900000000000000000e+02 6.705225368966892347e+03
2.910000000000000000e+02 6.721180694056641187e+03
2.920000000000000000e+02 6.737136019146389117e+03
2.930000000000000000e+02 6.753091344236137957e+03
2.940000000000000000e+02 6.769046669325886796e+03
2.950000000000000000e+02 6.785001994415635636e+03
2.960000000000000000e+02 6.800957319505383566e+03
2.970000000000000000e+02 6.816912644595132406e+03
2.980000000000000000e+02 6.832867969684881245e+03
2.990000000000000000e+02 6.848823294774630995e+03
3.000000000000000000e+02 6.864778619864378925e+03
3.010000000000000000e+02 6.880733944954127765e+03
3.020000000000000000e+02 6.896689270043876604e+03
3.030000000000000000e+02 6.912644595133625444e+03
3.040000000000000000e+02 6.928599920223373374e+03
3.050000000000000000e+02 6.944555245313122214e+03
3.060000000000000000e+02 6.960510570402871053e+03
3.070000000000000000e+02 6.976465895492619893e+03
3.080000000000000000e+02 6.992421220582368733e+03
3.090000000000000000e+02 7.008376545672116663e+03
3.100000000000000000e+02 7.024331870761865503e+03
3.110000000000000000e+02 7.040287195851615252e+03
3.120000000000000000e+02 7.056242520941364091e+03
3.130000000000000000e+02 7.072197846031112022e+03
3.140000000000000000e+02 7.088153171120860861e+03
3.150000000000000000e+02 7.104108496210609701e+03
3.160000000000000000e+02 7.120063821300358541e+03
3.170000000000000000e+02 7.136019146390106471e+03
3.180000000000000000e+02 7.151974471479855310e+03
3.190000000000000000e+02 7.167929796569604150e+03
3.200000000000000000e+02 7.183885121659352990e+03
3.210000000000000000e+02 7.199840446749100920e+03
3.220000000000000000e+02 7.215795771838850669e+03
3.230000000000000000e+02 7.231751096928599509e+03
3.240000000000000000e+02 7.247706422018348349e+03
3.250000000000000000e+02 7.263661747108096279e+03
3.260000000000000000e+02 7.279617072197845118e+03
3.270000000000000000e+02 7.295572397287593958e+03
3.280000000000000000e+02 7.311527722377342798e+03
3.290000000000000000e+02 7.327483047467091637e+03
3.300000000000000000e+02 7.343438372556839568e+03
3.310000000000000000e+02 7.359393697646588407e+03
3.320000000000000000e+02 7.375349022736337247e+03
3.330000000000000000e+02 7.391304347826086087e+03
3.340000000000000000e+02 7.407259672915834926e+03
3.350000000000000000e+02 7.423214998005583766e+03
3.360000000000000000e+02 7.439170323095332606e+03
3.370000000000000000e+02 7.455125648185081445e+03
3.380000000000000000e+02 7.471080973274829375e+03
3.390000000000000000e+02 7.487036298364578215e+03
3.400000000000000000e+02 7.502991623454327055e+03
3.410000000000000000e+02 7.518946948544076804e+03
3.420000000000000000e+02 7.534902273633823825e+03
3.430000000000000000e+02 7.550857598723573574e+03
3.440000000000000000e+02 7.566812923813320594e+03
3.450000000000000000e+02 7.582768248903071253e+03
3.460000000000000000e+02 7.598723573992819183e+03
3.470000000000000000e+02 7.614678899082568023e+03
3.480000000000000000e+02 7.630634224172316863e+03
3.490000000000000000e+02 7.646589549262065702e+03
3.500000000000000000e+02 7.662544874351814542e+03
3.510000000000000000e+02 7.678500199441562472e+03
3.520000000000000000e+02 7.694455524531311312e+03
3.530000000000000000e+02 7.710410849621060152e+03
3.540000000000000000e+02 7.726366174710808991e+03
3.550000000000000000e+02 7.742321499800556921e+03
3.560000000000000000e+02 7.758276824890305761e+03
3.570000000000000000e+02 7.774232149980054601e+03
3.580000000000000000e+02 7.790187475069805259e+03
3.590000000000000000e+02 7.806142800159551371e+03
3.600000000000000000e+02 7.822098125249302029e+03
3.610000000000000000e+02 7.838053450339049050e+03
3.620000000000000000e+02 7.854008775428799709e+03
3.630000000000000000e+02 7.869964100518546729e+03
3.640000000000000000e+02 7.885919425608296478e+03
3.650000000000000000e+02 7.901874750698043499e+03
3.660000000000000000e+02 7.917830075787794158e+03
3.670000000000000000e+02 7.933785400877541178e+03
3.680000000000000000e+02 7.949740725967290928e+03
3.690000000000000000e+02 7.965696051057039767e+03
3.700000000000000000e+02 7.981651376146788607e+03
3.710000000000000000e+02 7.997606701236537447e+03
3.720000000000000000e+02 8.013562026326285377e+03
3.730000000000000000e+02 8.029517351416034217e+03
3.740000000000000000e+02 8.045472676505783056e+03
3.750000000000000000e+02 8.061428001595531896e+03
3.760000000000000000e+02 8.077383326685279826e+03
3.770000000000000000e+02 8.093338651775028666e+03
3.780000000000000000e+02 8.109293976864777505e+03
3.790000000000000000e+02 8.125249301954526345e+03
3.800000000000000000e+02 8.141204627044274275e+03
3.810000000000000000e+02 8.157159952134024934e+03
3.820000000000000000e+02 8.173115277223771955e+03
3.830000000000000000e+02 8.189070602313522613e+03
3.840000000000000000e+02 8.205025927403268724e+03
3.850000000000000000e+02 8.220981252493020293e+03
3.860000000000000000e+02 8.236936577582766404e+03
3.870000000000000000e+02 8.252891902672516153e+03
3.880000000000000000e+02 8.268847227762264083e+03
3.890000000000000000e+02 8.284802552852013832e+03
3.900000000000000000e+02 8.300757877941761762e+03
3.910000000000000000e+02 8.316713203031511512e+03
3.920000000000000000e+02 8.332668528121259442e+03
3.930000000000000000e+02 8.348623853211009191e+03
3.940000000000000000e+02 8.364579178300757121e+03
3.950000000000000000e+02 8.380534503390505051e+03
3.960000000000000000e+02 8.396489828480254801e+03
3.970000000000000000e+02 8.412445153570002731e+03
3.980000000000000000e+02 8.428400478659752480e+03
3.990000000000000000e+02 8.444355803749500410e+03
4.000000000000000000e+02 8.460311128839248340e+03
4.010000000000000000e+02 8.476266453928998089e+03
4.020000000000000000e+02 8.492221779018746020e+03
4.030000000000000000e+02 8.508177104108495769e+03
4.040000000000000000e+02 8.524132429198245518e+03
4.050000000000000000e+02 8.540087754287991629e+03
4.060000000000000000e+02 8.556043079377743197e+03
4.070000000000000000e+02 8.571998404467489308e+03
4.080000000000000000e+02 8.587953729557239058e+03
4.090000000000000000e+02 8.603909054646986988e+03
4.100000000000000000e+02 8.619864379736736737e+03
4.110000000000000000e+02 8.635819704826484667e+03
4.120000000000000000e+02 8.651775029916234416e+03
4.130000000000000000e+02 8.667730355005980527e+03
4.140000000000000000e+02 8.683685680095732096e+03
4.150000000000000000e+02 8.699641005185480026e+03
4.160000000000000000e+02 8.715596330275227956e+03
4.170000000000000000e+02 8.731551655364977705e+03
4.180000000000000000e+02 8.747506980454725635e+03
4.190000000000000000e+02 8.763462305544475385e+03
4.200000000000000000e+02 8.779417630634223315e+03
4.210000000000000000e+02 8.795372955723971245e+03
4.220000000000000000e+02 8.811328280813720994e+03
4.230000000000000000e+02 8.827283605903468924e+03
4.240000000000000000e+02 8.843238930993216854e+03
4.250000000000000000e+02 8.859194256082966604e+03
4.260000000000000000e+02 8.875149581172714534e+03
4.270000000000000000e+02 8.891104906262466102e+03
4.280000000000000000e+02 8.907060231352212213e+03
4.290000000000000000e+02 8.923015556441961962e+03
4.300000000000000000e+02 8.938970881531709892e+03
4.310000000000000000e+02 8.954926206621459642e+03
4.320000000000000000e+02 8.970881531711207572e+03
4.330000000000000000e+02 8.986836856800957321e+03
4.340000000000000000e+02 9.002792181890703432e+03
4.350000000000000000e+02 9.018747506980455000e+03
4.360000000000000000e+02 9.034702832070201111e+03
4.370000000000000000e+02 9.050658157159950861e+03
4.380000000000000000e+02 9.066613482249698791e+03
4.390000000000000000e+02 9.082568807339448540e+03
4.400000000000000000e+02 9.098524132429198289e+03
4.410000000000000000e+02 9.114479457518946219e+03
4.420000000000000000e+02 9.130434782608694150e+03
4.430000000000000000e+02 9.146390107698443899e+03
4.440000000000000000e+02 9.162345432788191829e+03
4.450000000000000000e+02 9.178300757877939759e+03
4.460000000000000000e+02 9.194256082967689508e+03
4.470000000000000000e+02 9.210211408057437438e+03
4.480000000000000000e+02 9.226166733147187188e+03
4.490000000000000000e+02 9.242122058236935118e+03
4.500000000000000000e+02 9.258077383326684867e+03
4.510000000000000000e+02 9.274032708416432797e+03
4.520000000000000000e+02 9.289988033506182546e+03
4.530000000000000000e+02 9.305943358595930476e+03
4.540000000000000000e+02 9.321898683685680226e+03
4.550000000000000000e+02 9.337854008775426337e+03
4.560000000000000000e+02 9.353809333865177905e+03
4.570000000000000000e+02 9.369764658954924016e+03
4.580000000000000000e+02 9.385719984044673765e+03
4.590000000000000000e+02 9.401675309134421695e+03
4.600000000000000000e+02 9.417630634224171445e+03
4.610000000000000000e+02 9.433585959313919375e+03
4.620000000000000000e+02 9.449541284403669124e+03
4.630000000000000000e+02 9.465496609493417054e+03
4.640000000000000000e+02 9.481451934583166803e+03
4.650000000000000000e+02 9.497407259672914734e+03
4.660000000000000000e+02 9.513362584762662664e+03
4.670000000000000000e+02 9.529317909852412413e+03
4.680000000000000000e+02 9.545273234942160343e+03
4.690000000000000000e+02 9.561228560031910092e+03
4.700000000000000000e+02 9.577183885121658022e+03
4.710000000000000000e+02 9.593139210211405953e+03
4.720000000000000000e+02 9.609094535301155702e+03
4.730000000000000000e+02 9.625049860390903632e+03
4.740000000000000000e+02 9.641005185480653381e+03
4.750000000000000000e+02 9.656960510570403130e+03
4.760000000000000000e+02 9.672915835660149241e+03
4.770000000000000000e+02 9.688871160749900810e+03
4.780000000000000000e+02 9.704826485839646921e+03
4.790000000000000000e+02 9.720781810929396670e+03
4.800000000000000000e+02 9.736737136019144600e+03
4.810000000000000000e+02 9.752692461108894349e+03
4.820000000000000000e+02 9.768647786198642279e+03
4.830000000000000000e+02 9.784603111288392029e+03
4.840000000000000000e+02 9.800558436378138140e+03
4.850000000000000000e+02 9.816513761467889708e+03
4.860000000000000000e+02 9.832469086557637638e+03
4.870000000000000000e+02 9.848424411647385568e+03
4.880000000000000000e+02 9.864379736737135318e+03
4.890000000000000000e+02 9.880335061826883248e+03
4.900000000000000000e+02 9.896290386916632997e+03
4.910000000000000000e+02 9.912245712006380927e+03
4.920000000000000000e+02 9.928201037096128857e+03
4.930000000000000000e+02 9.944156362185878606e+03
4.940000000000000000e+02 9.960111687275626537e+03
4.950000000000000000e+02 9.976067012365376286e+03
4.960000000000000000e+02 9.992022337455124216e+03
4.970000000000000000e+02 1.000797766254487215e+04
4.980000000000000000e+02 1.002393298763462190e+04
4.990000000000000000e+02 1.003988831272436983e+04
5.000000000000000000e+02 1.005584363781411776e+04
5.010000000000000000e+02 1.007179896290386750e+04
5.020000000000000000e+02 1.008775428799361543e+04
5.030000000000000000e+02 1.010370961308336700e+04
5.040000000000000000e+02 1.011966493817311493e+04
5.050000000000000000e+02 1.013562026326286286e+04
5.060000000000000000e+02 1.015157558835261261e+04
5.070000000000000000e+02 1.016753091344236054e+04
5.080000000000000000e+02 1.018348623853210847e+04
5.090000000000000000e+02 1.019944156362185822e+04
5.100000000000000000e+02 1.021539688871160615e+04
5.110000000000000000e+02 1.023135221380135590e+04
5.120000000000000000e+02 1.024730753889110383e+04
5.130000000000000000e+02 1.026326286398085176e+04
5.140000000000000000e+02 1.027921818907060151e+04
5.150000000000000000e+02 1.029517351416034944e+04
5.160000000000000000e+02 1.031112883925009919e+04
5.170000000000000000e+02 1.032708416433984712e+04
5.180000000000000000e+02 1.034303948942959505e+04
5.190000000000000000e+02 1.035899481451934480e+04
5.200000000000000000e+02 1.037495013960909273e+04
5.210000000000000000e+02 1.039090546469884066e+04
5.220000000000000000e+02 1.040686078978859041e+04
5.230000000000000000e+02 1.042281611487833834e+04
5.240000000000000000e+02 1.043877143996808809e+04
5.250000000000000000e+02 1.045472676505783602e+04
5.260000000000000000e+02 1.047068209014758577e+04
5.270000000000000000e+02 1.048663741523733552e+04
5.280000000000000000e+02 1.050259274032708345e+04
5.290000000000000000e+02 1.051854806541683138e+04
5.300000000000000000e+02 1.053450339050658113e+04
5.310000000000000000e+02 1.055045871559632906e+04
5.320000000000000000e+02 1.056641404068607881e+04
5.330000000000000000e+02 1.058236936577582674e+04
5.340000000000000000e+02 1.059832469086557467e+04
5.350000000000000000e+02 1.061428001595532442e+04
5.360000000000000000e+02 1.063023534104507235e+04
5.370000000000000000e+02 1.064619066613482210e+04
5.380000000000000000e+02 1.066214599122457003e+04
5.390000000000000000e+02 1.067810131631431796e+04
5.400000000000000000e+02 1.069405664140406770e+04
5.410000000000000000e+02 1.071001196649381563e+04
5.420000000000000000e+02 1.072596729158356356e+04
5.430000000000000000e+02 1.074192261667331331e+04
5.440000000000000000e+02 1.075787794176306124e+04
5.450000000000000000e+02 1.077383326685281099e+04
5.460000000000000000e+02 1.078978859194255892e+04
5.470000000000000000e+02 1.080574391703230685e+04
5.480000000000000000e+02 1.082169924212205660e+04
5.490000000000000000e+02 1.083765456721180635e+04
5.500000000000000000e+02 1.085360989230155428e+04
5.510000000000000000e+02 1.086956521739130403e+04
5.520000000000000000e+02 1.088552054248105196e+04
5.530000000000000000e+02 1.090147586757080171e+04
5.540000000000000000e+02 1.091743119266054964e+04
5.550000000000000000e+02 1.093338651775029757e+04
5.560000000000000000e+02 1.094934184284004732e+04
5.570000000000000000e+02 1.096529716792979525e+04
5.580000000000000000e+02 1.098125249301954500e+04
5.590000000000000000e+02 1.099720781810929293e+04
5.600000000000000000e+02 1.101316314319904086e+04
5.610000000000000000e+02 1.102911846828879061e+04
5.620000000000000000e+02 1.104507379337853854e+04
5.630000000000000000e+02 1.106102911846828647e+04
5.640000000000000000e+02 1.107698444355803622e+04
5.650000000000000000e+02 1.109293976864778415e+04
5.660000000000000000e+02 1.110889509373753390e+04
5.670000000000000000e+02 1.112485041882728183e+04
5.680000000000000000e+02 1.114080574391702976e+04
5.690000000000000000e+02 1.115676106900677951e+04
5.700000000000000000e+02 1.117271639409652744e+04
5.710000000000000000e+02 1.118867171918627719e+04
5.720000000000000000e+02 1.120462704427602694e+04
5.730000000000000000e+02 1.122058236936577487e+04
5.740000000000000000e+02 1.123653769445552462e+04
5.750000000000000000e+02 1.125249301954527255e+04
5.760000000000000000e+02 1.126844834463502048e+04
5.770000000000000000e+02 1.128440366972477023e+04
5.780000000000000000e+02 1.130035899481451816e+04
5.790000000000000000e+02 1.131631431990426790e+04
5.800000000000000000e+02 1.133226964499401583e+04
5.810000000000000000e+02 1.134822497008376376e+04
5.820000000000000000e+02 1.136418029517351351e+04
5.830000000000000000e+02 1.138013562026326144e+04
5.840000000000000000e+02 1.139609094535300937e+04
5.850000000000000000e+02 1.141204627044275912e+04
5.860000000000000000e+02 1.142800159553250705e+04
5.870000000000000000e+02 1.144395692062225680e+04
5.880000000000000000e+02 1.145991224571200473e+04
5.890000000000000000e+02 1.147586757080175266e+04
5.900000000000000000e+02 1.149182289589150241e+04
5.910000000000000000e+02 1.150777822098125034e+04
5.920000000000000000e+02 1.152373354607100009e+04
5.930000000000000000e+02 1.153968887116074802e+04
5.940000000000000000e+02 1.155564419625049595e+04
5.950000000000000000e+02 1.157159952134024570e+04
5.960000000000000000e+02 1.158755484642999545e+04
5.970000000000000000e+02 1.160351017151974338e+04
5.980000000000000000e+02 1.161946549660949313e+04
5.990000000000000000e+02 1.163542082169924106e+04
6.000000000000000000e+02 1.165137614678899081e+04
6.010000000000000000e+02 1.166733147187873874e+04
6.020000000000000000e+02 1.168328679696848667e+04
6.030000000000000000e+02 1.169924212205823642e+04
6.040000000000000000e+02 1.171519744714798435e+04
6.050000000000000000e+02 1.173115277223773228e+04
6.060000000000000000e+02 1.174710809732748203e+04
6.070000000000000000e+02 1.176306342241722996e+04
6.080000000000000000e+02 1.177901874750697971e+04
6.090000000000000000e+02 1.179497407259672764e+04
6.100000000000000000e+02 1.181092939768647557e+04
6.110000000000000000e+02 1.182688472277622532e+04
6.120000000000000000e+02 1.184284004786597325e+04
6.130000000000000000e+02 1.185879537295572300e+04
6.140000000000000000e+02 1.187475069804547093e+04
6.150000000000000000e+02 1.189070602313521886e+04
6.160000000000000000e+02 1.190666134822496861e+04
6.170000000000000000e+02 1.192261667331471654e+04
6.180000000000000000e+02 1.193857199840446447e+04
6.190000000000000000e+02 1.195452732349421603e+04
6.200000000000000000e+02 1.197048264858396396e+04
6.210000000000000000e+02 1.198643797367371371e+04
6.220000000000000000e+02 1.200239329876346164e+04
6.230000000000000000e+02 1.201834862385320957e+04
6.240000000000000000e+02 1.203430394894295932e+04
6.250000000000000000e+02 1.205025927403270725e+04
6.260000000000000000e+02 1.206621459912245518e+04
6.270000000000000000e+02 1.208216992421220493e+04
6.280000000000000000e+02 1.209812524930195286e+04
6.290000000000000000e+02 1.211408057439170261e+04
6.300000000000000000e+02 1.213003589948145054e+04
6.310000000000000000e+02 1.214599122457119847e+04
6.320000000000000000e+02 1.216194654966094822e+04
6.330000000000000000e+02 1.217790187475069615e+04
6.340000000000000000e+02 1.219385719984044590e+04
6.350000000000000000e+02 1.220981252493019383e+04
6.360000000000000000e+02 1.222576785001994176e+04
6.370000000000000000e+02 1.224172317510969151e+04
6.380000000000000000e+02 1.225767850019943944e+04
6.390000000000000000e+02 1.227363382528918737e+04
6.400000000000000000e+02 1.228958915037893712e+04
6.410000000000000000e+02 1.230554447546868505e+04
6.420000000000000000e+02 1.232149980055843662e+04
6.430000000000000000e+02 1.233745512564818455e+04
6.440000000000000000e+02 1.235341045073793248e+04
6.450000000000000000e+02 1.236936577582768223e+04
6.460000000000000000e+02 1.238532110091743016e+04
6.470000000000000000e+02 1.240127642600717809e+04
6.480000000000000000e+02 1.241723175109692784e+04
6.490000000000000000e+02 1.243318707618667577e+04
6.500000000000000000e+02 1.244914240127642552e+04
6.510000000000000000e+02 1.246509772636617345e+04
6.520000000000000000e+02 1.248105305145592138e+04
6.530000000000000000e+02 1.249700837654567113e+04
6.540000000000000000e+02 1.251296370163541906e+04
6.550000000000000000e+02 1.252891902672516881e+04
6.560000000000000000e+02 1.254487435181491674e+04
6.570000000000000000e+02 1.256082967690466467e+04
6.580000000000000000e+02 1.257678500199441442e+04
6.590000000000000000e+02 1.259274032708416235e+04
6.600000000000000000e+02 1.260869565217391028e+04
6.610000000000000000e+02 1.262465097726366002e+04
6.620000000000000000e+02 1.264060630235340795e+04
6.630000000000000000e+02 1.265656162744315770e+04
6.640000000000000000e+02 1.267251695253290563e+04
6.650000000000000000e+02 1.268847227762265538e+04
6.660000000000000000e+02 1.270442760271240513e+04
6.670000000000000000e+02 1.272038292780215306e+04
6.680000000000000000e+02 1.273633825289190099e+04
6.690000000000000000e+02 1.275229357798165074e+04
6.700000000000000000e+02 1.276824890307139867e+04
6.710000000000000000e+02 1.278420422816114842e+04
6.720000000000000000e+02 1.280015955325089635e+04
6.730000000000000000e+02 1.281611487834064428e+04
6.740000000000000000e+02 1.283207020343039403e+04
6.750000000000000000e+02 1.284802552852014196e+04
6.760000000000000000e+02 1.286398085360989171e+04
6.770000000000000000e+02 1.287993617869963964e+04
6.780000000000000000e+02 1.289589150378938757e+04
6.790000000000000000e+02 1.291184682887913732e+04
6.800000000000000000e+02 1.292780215396888525e+04
6.810000000000000000e+02 1.294375747905863318e+04
6.820000000000000000e+02 1.295971280414838293e+04
6.830000000000000000e+02 1.297566812923813086e+04
6.840000000000000000e+02 1.299162345432788061e+04
6.850000000000000000e+02 1.300757877941762854e+04
6.860000000000000000e+02 1.302353410450737647e+04
6.870000000000000000e+02 1.303948942959712622e+04
6.880000000000000000e+02 1.305544475468687415e+04
6.890000000000000000e+02 1.307140007977662390e+04
6.900000000000000000e+02 1.308735540486637365e+04
6.910000000000000000e+02 1.310331072995612158e+04
6.920000000000000000e+02 1.311926605504587133e+04
6.930000000000000000e+02 1.313522138013561926e+04
6.940000000000000000e+02 1.315117670522536719e+04
6.950000000000000000e+02 1.316713203031511694e+04
6.960000000000000000e+02 1.318308735540486487e+04
6.970000000000000000e+02 1.319904268049461461e+04
6.980000000000000000e+02 1.321499800558436255e+04
6.990000000000000000e+02 1.323095333067411048e+04
7.000000000000000000e+02 1.324690865576386022e+04
7.010000000000000000e+02 1.326286398085360815e+04
7.020000000000000000e+02 1.327881930594335608e+04
7.030000000000000000e+02 1.329477463103310583e+04
7.040000000000000000e+02 1.331072995612285376e+04
7.050000000000000000e+02 1.332668528121260351e+04
7.060000000000000000e+02 1.334264060630235144e+04
7.070000000000000000e+02 1.335859593139209937e+04
7.080000000000000000e+02 1.337455125648184912e+04
7.090000000000000000e+02 1.339050658157159705e+04
7.100000000000000000e+02 1.340646190666134680e+04
7.110000000000000000e+02 1.342241723175109473e+04
7.120000000000000000e+02 1.343837255684084448e+04
7.130000000000000000e+02 1.345432788193059423e+04
7.140000000000000000e+02 1.347028320702034216e+04
7.150000000000000000e+02 1.348623853211009009e+04
7.160000000000000000e+02 1.350219385719983984e+04
7.170000000000000000e+02 1.351814918228958777e+04
7.180000000000000000e+02 1.353410450737933752e+04
7.190000000000000000e+02 1.355005983246908545e+04
7.200000000000000000e+02 1.356601515755883338e+04
7.210000000000000000e+02 1.358197048264858313e+04
7.220000000000000000e+02 1.359792580773833106e+04
7.230000000000000000e+02 1.361388113282807899e+04
7.240000000000000000e+02 1.362983645791782874e+04
7.250000000000000000e+02 1.364579178300757667e+04
7.260000000000000000e+02 1.366174710809732642e+04
7.270000000000000000e+02 1.367770243318707435e+04
7.280000000000000000e+02 1.369365775827682228e+04
7.290000000000000000e+02 1.370961308336657203e+04
7.300000000000000000e+02 1.372556840845631996e+04
7.310000000000000000e+02 1.374152373354606971e+04
7.320000000000000000e+02 1.375747905863581764e+04
7.330000000000000000e+02 1.377343438372556557e+04
7.340000000000000000e+02 1.378938970881531532e+04
7.350000000000000000e+02 1.380534503390506507e+04
7.360000000000000000e+02 1.382130035899481300e+04
7.370000000000000000e+02 1.383725568408456274e+04
7.380000000000000000e+02 1.385321100917431068e+04
7.390000000000000000e+02 1.386916633426406042e+04
7.400000000000000000e+02 1.388512165935380835e+04
7.410000000000000000e+02 1.390107698444355628e+04
7.420000000000000000e+02 1.391703230953330603e+04
7.430000000000000000e+02 1.393298763462305396e+04
7.440000000000000000e+02 1.394894295971280189e+04
7.450000000000000000e+02 1.396489828480255164e+04
7.460000000000000000e+02 1.398085360989229957e+04
7.470000000000000000e+02 1.399680893498204932e+04
7.480000000000000000e+02 1.401276426007179725e+04
7.490000000000000000e+02 1.402871958516154518e+04
7.500000000000000000e+02 1.404467491025129493e+04
7.510000000000000000e+02 1.406063023534104286e+04
7.520000000000000000e+02 1.407658556043079261e+04
7.530000000000000000e+02 1.409254088552054054e+04
7.540000000000000000e+02 1.410849621061028847e+04
7.550000000000000000e+02 1.412445153570003822e+04
7.560000000000000000e+02 1.414040686078978615e+04
7.570000000000000000e+02 1.415636218587953408e+04
7.580000000000000000e+02 1.417231751096928383e+04
7.590000000000000000e+02 1.418827283605903358e+04
7.600000000000000000e+02 1.420422816114878333e+04
7.610000000000000000e+02 1.422018348623853126e+04
7.620000000000000000e+02 1.423613881132827919e+04
7.630000000000000000e+02 1.425209413641802894e+04
7.640000000000000000e+02 1.426804946150777687e+04
7.650000000000000000e+02 1.428400478659752480e+04
7.660000000000000000e+02 1.429996011168727455e+04
7.670000000000000000e+02 1.431591543677702248e+04
7.680000000000000000e+02 1.433187076186677223e+04
7.690000000000000000e+02 1.434782608695652016e+04
7.700000000000000000e+02 1.436378141204626809e+04
7.710000000000000000e+02 1.437973673713601784e+04
7.720000000000000000e+02 1.439569206222576577e+04
7.730000000000000000e+02 1.441164738731551552e+04
7.740000000000000000e+02 1.442760271240526345e+04
7.750000000000000000e+02 1.444355803749501138e+04
7.760000000000000000e+02 1.445951336258476113e+04
7.770000000000000000e+02 1.447546868767450906e+04
7.780000000000000000e+02 1.449142401276425699e+04
7.790000000000000000e+02 1.450737933785400674e+04
7.800000000000000000e+02 1.452333466294375467e+04
7.810000000000000000e+02 1.453928998803350441e+04
7.820000000000000000e+02 1.455524531312325416e+04
7.830000000000000000e+02 1.457120063821300209e+04
7.840000000000000000e+02 1.458715596330275184e+04
7.850000000000000000e+02 1.460311128839249977e+04
7.860000000000000000e+02 1.461906661348224770e+04
7.870000000000000000e+02 1.463502193857199745e+04
7.880000000000000000e+02 1.465097726366174538e+04
7.890000000000000000e+02 1.466693258875149513e+04
7.900000000000000000e+02 1.468288791384124306e+04
7.910000000000000000e+02 1.469884323893099099e+04
7.920000000000000000e+02 1.471479856402074074e+04
7.930000000000000000e+02 1.473075388911048867e+04
7.940000000000000000e+02 1.474670921420023842e+04
7.950000000000000000e+02 1.476266453928998635e+04
7.960000000000000000e+02 1.477861986437973428e+04
7.970000000000000000e+02 1.479457518946948403e+04
7.980000000000000000e+02 1.481053051455923196e+04
7.990000000000000000e+02 1.482648583964897989e+04
8.000000000000000000e+02 1.484244116473872964e+04
8.010000000000000000e+02 1.485839648982847757e+04
8.020000000000000000e+02 1.487435181491822732e+04
8.030000000000000000e+02 1.489030714000797525e+04
8.040000000000000000e+02 1.490626246509772318e+04
8.050000000000000000e+02 1.492221779018747475e+04
8.060000000000000000e+02 1.493817311527722268e+04
8.070000000000000000e+02 1.495412844036697061e+04
8.080000000000000000e+02 1.497008376545672036e+04
8.090000000000000000e+02 1.498603909054646829e+04
8.100000000000000000e+02 1.500199441563621804e+04
8.110000000000000000e+02 1.501794974072596597e+04
8.120000000000000000e+02 1.503390506581571208e+04
8.130000000000000000e+02 1.504986039090546365e+04
8.140000000000000000e+02 1.506581571599521340e+04
8.150000000000000000e+02 1.508177104108496133e+04
8.160000000000000000e+02 1.509772636617470744e+04
8.170000000000000000e+02 1.511368169126445719e+04
8.180000000000000000e+02 1.512963701635420875e+04
8.190000000000000000e+02 1.514559234144395487e+04
8.200000000000000000e+02 1.516154766653370280e+04
8.210000000000000000e+02 1.517750299162345254e+04
8.220000000000000000e+02 1.519345831671320229e+04
8.230000000000000000e+02 1.520941364180295022e+04
8.240000000000000000e+02 1.522536896689269633e+04
8.250000000000000000e+02 1.524132429198244608e+04
8.260000000000000000e+02 1.525727961707219765e+04
8.270000000000000000e+02 1.527323494216194376e+04
8.280000000000000000e+02 1.528919026725169351e+04
8.290000000000000000e+02 1.530514559234144508e+04
8.300000000000000000e+02 1.532110091743119119e+04
8.310000000000000000e+02 1.533705624252093912e+04
8.320000000000000000e+02 1.535301156761068887e+04
8.330000000000000000e+02 1.536896689270043862e+04
8.340000000000000000e+02 1.538492221779018655e+04
8.350000000000000000e+02 1.540087754287993266e+04
8.360000000000000000e+02 1.541683286796968241e+04
8.370000000000000000e+02 1.543278819305943398e+04
8.380000000000000000e+02 1.544874351814918009e+04
8.390000000000000000e+02 1.546469884323892802e+04
8.400000000000000000e+02 1.548065416832867777e+04
8.410000000000000000e+02 1.549660949341842752e+04
8.420000000000000000e+02 1.551256481850817545e+04
8.430000000000000000e+02 1.552852014359792156e+04
8.440000000000000000e+02 1.554447546868767313e+04
8.450000000000000000e+02 1.556043079377742288e+04
8.460000000000000000e+02 1.557638611886716899e+04
8.470000000000000000e+02 1.559234144395691692e+04
8.480000000000000000e+02 1.560829676904666667e+04
8.490000000000000000e+02 1.562425209413641642e+04
8.500000000000000000e+02 1.564020741922616435e+04
8.510000000000000000e+02 1.565616274431591046e+04
8.520000000000000000e+02 1.567211806940566385e+04
8.530000000000000000e+02 1.568807339449541178e+04
8.540000000000000000e+02 1.570402871958515789e+04
8.550000000000000000e+02 1.571998404467490946e+04
8.560000000000000000e+02 1.573593936976465920e+04
8.570000000000000000e+02 1.575189469485440532e+04
8.580000000000000000e+02 1.576785001994415325e+04
8.590000000000000000e+02 1.578380534503390300e+04
8.600000000000000000e+02 1.579976067012365456e+04
8.610000000000000000e+02 1.581571599521340067e+04
8.620000000000000000e+02 1.583167132030314679e+04
8.630000000000000000e+02 1.584762664539289835e+04
8.640000000000000000e+02 1.586358197048264810e+04
8.650000000000000000e+02 1.587953729557239603e+04
8.660000000000000000e+02 1.589549262066214214e+04
8.670000000000000000e+02 1.591144794575189189e+04
8.680000000000000000e+02 1.592740327084164346e+04
8.690000000000000000e+02 1.594335859593138957e+04
8.700000000000000000e+02 1.595931392102113750e+04
8.710000000000000000e+02 1.597526924611088725e+04
8.720000000000000000e+02 1.599122457120063700e+04
8.730000000000000000e+02 1.600717989629038493e+04
8.740000000000000000e+02 1.602313522138013104e+04
8.750000000000000000e+02 1.603909054646988443e+04
8.760000000000000000e+02 1.605504587155963236e+04
8.770000000000000000e+02 1.607100119664937847e+04
8.780000000000000000e+02 1.608695652173912822e+04
8.790000000000000000e+02 1.610291184682887979e+04
8.800000000000000000e+02 1.611886717191862590e+04
8.810000000000000000e+02 1.613482249700837383e+04
8.820000000000000000e+02 1.615077782209812358e+04
8.830000000000000000e+02 1.616673314718787333e+04
8.840000000000000000e+02 1.618268847227762126e+04
8.850000000000000000e+02 1.619864379736736737e+04
8.860000000000000000e+02 1.621459912245711894e+04
8.870000000000000000e+02 1.623055444754686869e+04
8.880000000000000000e+02 1.624650977263661480e+04
8.890000000000000000e+02 1.626246509772636273e+04
8.900000000000000000e+02 1.627842042281611248e+04
8.910000000000000000e+02 1.629437574790586223e+04
8.920000000000000000e+02 1.631033107299561016e+04
8.930000000000000000e+02 1.632628639808535627e+04
8.940000000000000000e+02 1.634224172317510784e+04
8.950000000000000000e+02 1.635819704826485759e+04
8.960000000000000000e+02 1.637415237335460370e+04
8.970000000000000000e+02 1.639010769844434981e+04
8.980000000000000000e+02 1.640606302353410501e+04
8.990000000000000000e+02 1.642201834862385294e+04
9.000000000000000000e+02 1.643797367371359724e+04
9.010000000000000000e+02 1.645392899880334880e+04
9.020000000000000000e+02 1.646988432389310037e+04
9.030000000000000000e+02 1.648583964898284830e+04
9.040000000000000000e+02 1.650179497407259259e+04
9.050000000000000000e+02 1.651775029916234416e+04
9.060000000000000000e+02 1.653370562425209573e+04
9.070000000000000000e+02 1.654966094934184002e+04
9.080000000000000000e+02 1.656561627443158795e+04
9.090000000000000000e+02 1.658157159952133952e+04
9.100000000000000000e+02 1.659752692461108745e+04
9.110000000000000000e+02 1.661348224970083538e+04
9.120000000000000000e+02 1.662943757479058331e+04
9.130000000000000000e+02 1.664539289988033124e+04
9.140000000000000000e+02 1.666134822497008281e+04
9.150000000000000000e+02 1.667730355005983074e+04
9.160000000000000000e+02 1.669325887514957867e+04
9.170000000000000000e+02 1.670921420023932660e+04
9.180000000000000000e+02 1.672516952532907817e+04
9.190000000000000000e+02 1.674112485041882610e+04
9.200000000000000000e+02 1.675708017550857039e+04
9.210000000000000000e+02 1.677303550059832196e+04
9.220000000000000000e+02 1.678899082568807353e+04
9.230000000000000000e+02 1.680494615077781782e+04
9.240000000000000000e+02 1.682090147586756939e+04
9.250000000000000000e+02 1.683685680095732096e+04
9.260000000000000000e+02 1.685281212604706525e+04
9.270000000000000000e+02 1.686876745113681318e+04
9.280000000000000000e+02 1.688472277622656475e+04
9.290000000000000000e+02 1.690067810131631268e+04
9.300000000000000000e+02 1.691663342640606061e+04
9.310000000000000000e+02 1.693258875149580854e+04
9.320000000000000000e+02 1.694854407658556011e+04
9.330000000000000000e+02 1.696449940167530804e+04
9.340000000000000000e+02 1.698045472676505597e+04
9.350000000000000000e+02 1.699641005185480390e+04
9.360000000000000000e+02 1.701236537694455183e+04
9.370000000000000000e+02 1.702832070203430339e+04
9.380000000000000000e+02 1.704427602712405132e+04
9.390000000000000000e+02 1.706023135221379562e+04
9.400000000000000000e+02 1.707618667730354719e+04
9.410000000000000000e+02 1.709214200239329875e+04
9.420000000000000000e+02 1.710809732748304305e+04
9.430000000000000000e+02 1.712405265257279098e+04
9.440000000000000000e+02 1.714000797766254254e+04
9.450000000000000000e+02 1.715596330275229411e+04
9.460000000000000000e+02 1.717191862784203840e+04
9.470000000000000000e+02 1.718787395293178997e+04
9.480000000000000000e+02 1.720382927802154154e+04
9.490000000000000000e+02 1.721978460311128583e+04
9.500000000000000000e+02 1.723573992820103376e+04
9.510000000000000000e+02 1.725169525329078533e+04
9.520000000000000000e+02 1.726765057838053326e+04
9.530000000000000000e+02 1.728360590347028119e+04
9.540000000000000000e+02 1.729956122856002912e+04
9.550000000000000000e+02 1.731551655364977705e+04
9.560000000000000000e+02 1.733147187873952862e+04
9.570000000000000000e+02 1.734742720382927655e+04
9.580000000000000000e+02 1.736338252891902448e+04
9.590000000000000000e+02 1.737933785400877241e+04
9.600000000000000000e+02 1.739529317909852398e+04
9.610000000000000000e+02 1.741124850418827191e+04
9.620000000000000000e+02 1.742720382927801620e+04
9.630000000000000000e+02 1.744315915436776777e+04
9.640000000000000000e+02 1.745911447945751934e+04
9.650000000000000000e+02 1.747506980454726363e+04
9.660000000000000000e+02 1.749102512963701156e+04
9.670000000000000000e+02 1.750698045472676313e+04
9.680000000000000000e+02 1.752293577981651106e+04
9.690000000000000000e+02 1.753889110490625899e+04
9.700000000000000000e+02 1.755484642999601056e+04
9.710000000000000000e+02 1.757080175508575849e+04
9.720000000000000000e+02 1.758675708017550642e+04
9.730000000000000000e+02 1.760271240526525435e+04
9.740000000000000000e+02 1.761866773035500592e+04
9.750000000000000000e+02 1.763462305544475021e+04
9.760000000000000000e+02 1.765057838053450178e+04
9.770000000000000000e+02 1.766653370562424971e+04
9.780000000000000000e+02 1.768248903071399764e+04
9.790000000000000000e+02 1.769844435580374557e+04
9.800000000000000000e+02 1.771439968089349713e+04
9.810000000000000000e+02 1.773035500598324506e+04
9.820000000000000000e+02 1.774631033107299299e+04
9.830000000000000000e+02 1.776226565616274456e+04
9.840000000000000000e+02 1.777822098125248885e+04
9.850000000000000000e+02 1.779417630634224042e+04
9.860000000000000000e+02 1.781013163143198835e+04
9.870000000000000000e+02 1.782608695652173992e+04
9.880000000000000000e+02 1.784204228161148421e+04
9.890000000000000000e+02 1.785799760670123578e+04
9.900000000000000000e+02 1.787395293179098371e+04
9.910000000000000000e+02 1.788990825688073164e+04
9.920000000000000000e+02 1.790586358197047957e+04
9.930000000000000000e+02 1.792181890706023114e+04
9.940000000000000000e+02 1.793777423214997543e+04
9.950000000000000000e+02 1.795372955723972700e+04
9.960000000000000000e+02 1.796968488232947493e+04
9.970000000000000000e+02 1.798564020741922286e+04
9.980000000000000000e+02 1.800159553250897079e+04
9.990000000000000000e+02 1.801755085759872236e+04
