# 5 1000
# Pressure, Entropy, Quantity
# column * scaling factor should be SI units
# scaling factors (constant) for each column given on line below
# 1000000000.0 4824266.84604467
0.000000000000000000e+00 4.061299054097129431e-04
1.000000000000000000e+00 4.139215140393306155e-04
2.000000000000000000e+00 4.222589231839563723e-04
3.000000000000000000e+00 4.273960944151865239e-04
4.000000000000000000e+00 4.304088573351161654e-04
5.000000000000000000e+00 4.317116647043384874e-04
6.000000000000000000e+00 4.319252184941559233e-04
7.000000000000000000e+00 4.312290130762368038e-04
8.000000000000000000e+00 4.299238164741604404e-04
9.000000000000000000e+00 4.285755309074672356e-04
1.000000000000000000e+01 4.274052371387315622e-04
1.100000000000000000e+01 4.264567652050334765e-04
1.200000000000000000e+01 4.258377771747277668e-04
1.300000000000000000e+01 4.265513184293294024e-04
1.400000000000000000e+01 4.282056357599180966e-04
1.500000000000000000e+01 4.305598132168707510e-04
1.600000000000000000e+01 4.333886799997254107e-04
1.700000000000000000e+01 4.364822964855758630e-04
1.800000000000000000e+01 4.396443249634893798e-04
1.900000000000000000e+01 4.426938138219005739e-04
2.000000000000000000e+01 4.454630574638835869e-04
2.100000000000000000e+01 4.477944280722627522e-04
2.200000000000000000e+01 4.495412398093433606e-04
2.300000000000000000e+01 4.505616300928362355e-04
2.400000000000000000e+01 4.511818821041437867e-04
2.500000000000000000e+01 4.518234823733695608e-04
2.600000000000000000e+01 4.524842459873507821e-04
2.700000000000000000e+01 4.531622330552084418e-04
2.800000000000000000e+01 4.538557154771111213e-04
2.900000000000000000e+01 4.545631490469911710e-04
3.000000000000000000e+01 4.552831499011603979e-04
3.100000000000000000e+01 4.560144745316008913e-04
3.200000000000000000e+01 4.567560027414537135e-04
3.300000000000000000e+01 4.575067230431047660e-04
3.400000000000000000e+01 4.582657200951877063e-04
3.500000000000000000e+01 4.590321638502581824e-04
3.600000000000000000e+01 4.598053001446454451e-04
3.700000000000000000e+01 4.605844425096345058e-04
3.800000000000000000e+01 4.613689650213774560e-04
3.900000000000000000e+01 4.621582960377924269e-04
4.000000000000000000e+01 4.629519126957745007e-04
4.100000000000000000e+01 4.637493360624921871e-04
4.200000000000000000e+01 4.645501268513185008e-04
4.300000000000000000e+01 4.653538816267733234e-04
4.400000000000000000e+01 4.661602294342953698e-04
4.500000000000000000e+01 4.669688288001856593e-04
4.600000000000000000e+01 4.677793650550047611e-04
4.700000000000000000e+01 4.685915479403669889e-04
4.800000000000000000e+01 4.694051094646796126e-04
4.900000000000000000e+01 4.702198019781014598e-04
5.000000000000000000e+01 4.710353964410065068e-04
5.100000000000000000e+01 4.718516808636364322e-04
5.200000000000000000e+01 4.726684588975429936e-04
5.300000000000000000e+01 4.734855485618855294e-04
5.400000000000000000e+01 4.743027810897988109e-04
5.500000000000000000e+01 4.751199998818584919e-04
5.600000000000000000e+01 4.759370595552635599e-04
5.700000000000000000e+01 4.767538250787167276e-04
5.800000000000000000e+01 4.775701709841607186e-04
5.900000000000000000e+01 4.783859806475660890e-04
6.000000000000000000e+01 4.792011456318514759e-04
6.100000000000000000e+01 4.800155650858029975e-04
6.200000000000000000e+01 4.808291451935421939e-04
6.300000000000000000e+01 4.816417986696847411e-04
6.400000000000000000e+01 4.824534442958657065e-04
6.500000000000000000e+01 4.832640064947606347e-04
6.600000000000000000e+01 4.840734149381445113e-04
6.700000000000000000e+01 4.848816041858883806e-04
6.800000000000000000e+01 4.856885133531100370e-04
6.900000000000000000e+01 4.864940858029793806e-04
7.000000000000000000e+01 4.872982688629264383e-04
7.100000000000000000e+01 4.881010135622249188e-04
7.200000000000000000e+01 4.889022743891192164e-04
7.300000000000000000e+01 4.897020090658417814e-04
7.400000000000000000e+01 4.905001783400225962e-04
7.500000000000000000e+01 4.912967457911367533e-04
7.600000000000000000e+01 4.920916776507580463e-04
7.700000000000000000e+01 4.928849426355036900e-04
7.800000000000000000e+01 4.936765117916537288e-04
7.900000000000000000e+01 4.944663583505211780e-04
8.000000000000000000e+01 4.952544575937314463e-04
8.100000000000000000e+01 4.960407867276433189e-04
8.200000000000000000e+01 4.968253247662112121e-04
8.300000000000000000e+01 4.976080524216446857e-04
8.400000000000000000e+01 4.983889520022840788e-04
8.500000000000000000e+01 4.991680073171522302e-04
8.600000000000000000e+01 4.999452035866918959e-04
8.700000000000000000e+01 5.007205273592359954e-04
8.800000000000000000e+01 5.014939664327992298e-04
8.900000000000000000e+01 5.022655097818074822e-04
9.000000000000000000e+01 5.030351474884168627e-04
9.100000000000000000e+01 5.038028706780982215e-04
9.200000000000000000e+01 5.045686714591927696e-04
9.300000000000000000e+01 5.053325428661619009e-04
9.400000000000000000e+01 5.060944788062802244e-04
9.500000000000000000e+01 5.068544740095390268e-04
9.600000000000000000e+01 5.076125239815431093e-04
9.700000000000000000e+01 5.083686249592020466e-04
9.800000000000000000e+01 5.091227738690311212e-04
9.900000000000000000e+01 5.098749682878926876e-04
1.000000000000000000e+02 5.106252064060169639e-04
1.010000000000000000e+02 5.113734869921556653e-04
1.020000000000000000e+02 5.121198093607345816e-04
1.030000000000000000e+02 5.128641733408758610e-04
1.040000000000000000e+02 5.136065792471737742e-04
1.050000000000000000e+02 5.143470278521117441e-04
1.060000000000000000e+02 5.150855203600254468e-04
1.070000000000000000e+02 5.158220583825075777e-04
1.080000000000000000e+02 5.165566439151757835e-04
1.090000000000000000e+02 5.172892793157136656e-04
1.100000000000000000e+02 5.180199672831132954e-04
1.110000000000000000e+02 5.187487108380439997e-04
1.120000000000000000e+02 5.194755133042844222e-04
1.130000000000000000e+02 5.202003782911511845e-04
1.140000000000000000e+02 5.209233096768688511e-04
1.150000000000000000e+02 5.216443115928251452e-04
1.160000000000000000e+02 5.223633884086606753e-04
1.170000000000000000e+02 5.230805447181460094e-04
1.180000000000000000e+02 5.237957853258001263e-04
1.190000000000000000e+02 5.245091152342093704e-04
1.200000000000000000e+02 5.252205396320066850e-04
1.210000000000000000e+02 5.259300638824748048e-04
1.220000000000000000e+02 5.266376935127392534e-04
1.230000000000000000e+02 5.273434342035171040e-04
1.240000000000000000e+02 5.280472917793923356e-04
1.250000000000000000e+02 5.287492721995899238e-04
1.260000000000000000e+02 5.294493815492177635e-04
1.270000000000000000e+02 5.301476260309563680e-04
1.280000000000000000e+02 5.308440119571699971e-04
1.290000000000000000e+02 5.315385457424147116e-04
1.300000000000000000e+02 5.322312338963258987e-04
1.310000000000000000e+02 5.329220830168634754e-04
1.320000000000000000e+02 5.336110997838959058e-04
1.330000000000000000e+02 5.342982909531064422e-04
1.340000000000000000e+02 5.349836633502037028e-04
1.350000000000000000e+02 5.356672238654217304e-04
1.360000000000000000e+02 5.363489794482929462e-04
1.370000000000000000e+02 5.370289371026847796e-04
1.380000000000000000e+02 5.377071038820792695e-04
1.390000000000000000e+02 5.383834868850903219e-04
1.400000000000000000e+02 5.390580932512025782e-04
1.410000000000000000e+02 5.397309301567214867e-04
1.420000000000000000e+02 5.404020048109255776e-04
1.430000000000000000e+02 5.410713244524084729e-04
1.440000000000000000e+02 5.417388963456036934e-04
1.450000000000000000e+02 5.424047277774823959e-04
1.460000000000000000e+02 5.430688260544126560e-04
1.470000000000000000e+02 5.437311984991796470e-04
1.480000000000000000e+02 5.443918524481496926e-04
1.490000000000000000e+02 5.450507952485784090e-04
1.500000000000000000e+02 5.457080342560536148e-04
1.510000000000000000e+02 5.463635768320641156e-04
1.520000000000000000e+02 5.470174303416937148e-04
1.530000000000000000e+02 5.476696021514278721e-04
1.540000000000000000e+02 5.483200996270742042e-04
1.550000000000000000e+02 5.489689301317857671e-04
1.560000000000000000e+02 5.496161010241873380e-04
1.570000000000000000e+02 5.502616196565937460e-04
1.580000000000000000e+02 5.509054933733243710e-04
1.590000000000000000e+02 5.515477295090993924e-04
1.600000000000000000e+02 5.521883353875227732e-04
1.610000000000000000e+02 5.528273183196414633e-04
1.620000000000000000e+02 5.534646856025829918e-04
1.630000000000000000e+02 5.541004445182615796e-04
1.640000000000000000e+02 5.547346023321547259e-04
1.650000000000000000e+02 5.553671662921454968e-04
1.660000000000000000e+02 5.559981436274256386e-04
1.670000000000000000e+02 5.566275415474592966e-04
1.680000000000000000e+02 5.572553672410030055e-04
1.690000000000000000e+02 5.578816278751804305e-04
1.700000000000000000e+02 5.585063305946082841e-04
1.710000000000000000e+02 5.591294825205710313e-04
1.720000000000000000e+02 5.597510907502450343e-04
1.730000000000000000e+02 5.603711623559645477e-04
1.740000000000000000e+02 5.609897043845324914e-04
1.750000000000000000e+02 5.616067238565725312e-04
1.760000000000000000e+02 5.622222277659180223e-04
1.770000000000000000e+02 5.628362230790420447e-04
1.780000000000000000e+02 5.634487167345190962e-04
1.790000000000000000e+02 5.640597156425234326e-04
1.800000000000000000e+02 5.646692266843594994e-04
1.810000000000000000e+02 5.652772567120220712e-04
1.820000000000000000e+02 5.658838125477883745e-04
1.830000000000000000e+02 5.664889009838362322e-04
1.840000000000000000e+02 5.670925287818907217e-04
1.850000000000000000e+02 5.676947026728960954e-04
1.860000000000000000e+02 5.682954293567120960e-04
1.870000000000000000e+02 5.688947155018350991e-04
1.880000000000000000e+02 5.694925677451395316e-04
1.890000000000000000e+02 5.700889926916430329e-04
1.900000000000000000e+02 5.706839969142909162e-04
1.910000000000000000e+02 5.712775869537599274e-04
1.920000000000000000e+02 5.718697693182816285e-04
1.930000000000000000e+02 5.724605504834826952e-04
1.940000000000000000e+02 5.730499368922432109e-04
1.950000000000000000e+02 5.736379349545704665e-04
1.960000000000000000e+02 5.742245510474880453e-04
1.970000000000000000e+02 5.748097915149407398e-04
1.980000000000000000e+02 5.753936626677123682e-04
1.990000000000000000e+02 5.759761707833581205e-04
2.000000000000000000e+02 5.765573221061489392e-04
2.010000000000000000e+02 5.771371228470285842e-04
2.020000000000000000e+02 5.777155791835829508e-04
2.030000000000000000e+02 5.782926972600316122e-04
2.040000000000000000e+02 5.788684831871653697e-04
2.050000000000000000e+02 5.794429430424285436e-04
2.060000000000000000e+02 5.800160828698736537e-04
2.070000000000000000e+02 5.805879086801949210e-04
2.080000000000000000e+02 5.811584264507554812e-04
2.090000000000000000e+02 5.817276421256255487e-04
2.100000000000000000e+02 5.822955616156245918e-04
2.110000000000000000e+02 5.828621907983743506e-04
2.120000000000000000e+02 5.834275355183577089e-04
2.130000000000000000e+02 5.839916015869840715e-04
2.140000000000000000e+02 5.845543947826620061e-04
2.150000000000000000e+02 5.851159208508776308e-04
2.160000000000000000e+02 5.856761855042784230e-04
2.170000000000000000e+02 5.862351944227632084e-04
2.180000000000000000e+02 5.867929532535776788e-04
2.190000000000000000e+02 5.873494676114134885e-04
2.200000000000000000e+02 5.879047430785140724e-04
2.210000000000000000e+02 5.884587852047830662e-04
2.220000000000000000e+02 5.890115995078974969e-04
2.230000000000000000e+02 5.895631914734265032e-04
2.240000000000000000e+02 5.901135665549510313e-04
2.250000000000000000e+02 5.906627301741898192e-04
2.260000000000000000e+02 5.912106877211270074e-04
2.270000000000000000e+02 5.917574445541435441e-04
2.280000000000000000e+02 5.923030060001510839e-04
2.290000000000000000e+02 5.928473773547303328e-04
2.300000000000000000e+02 5.933905638822694999e-04
2.310000000000000000e+02 5.939325708161074125e-04
2.320000000000000000e+02 5.944734033586773899e-04
2.330000000000000000e+02 5.950130666816550199e-04
2.340000000000000000e+02 5.955515659261056104e-04
2.350000000000000000e+02 5.960889062026363027e-04
2.360000000000000000e+02 5.966250925915469929e-04
2.370000000000000000e+02 5.971601301429854810e-04
2.380000000000000000e+02 5.976940238771027286e-04
2.390000000000000000e+02 5.982267787842098514e-04
2.400000000000000000e+02 5.987583998249361959e-04
2.410000000000000000e+02 5.992888919303888257e-04
2.420000000000000000e+02 5.998182600023130914e-04
2.430000000000000000e+02 6.003465089132542856e-04
2.440000000000000000e+02 6.008736435067198395e-04
2.450000000000000000e+02 6.013996685973420613e-04
2.460000000000000000e+02 6.019245889710432606e-04
2.470000000000000000e+02 6.024484093851988119e-04
2.480000000000000000e+02 6.029711345688031467e-04
2.490000000000000000e+02 6.034927692226349852e-04
2.500000000000000000e+02 6.040133180194236532e-04
2.510000000000000000e+02 6.045327856040146400e-04
2.520000000000000000e+02 6.050511765935369986e-04
2.530000000000000000e+02 6.055684955775697716e-04
2.540000000000000000e+02 6.060847471183086321e-04
2.550000000000000000e+02 6.065999357507336105e-04
2.560000000000000000e+02 6.071140659827751942e-04
2.570000000000000000e+02 6.076271422954831374e-04
2.580000000000000000e+02 6.081391691431907182e-04
2.590000000000000000e+02 6.086501509536850667e-04
2.600000000000000000e+02 6.091600921283705540e-04
2.610000000000000000e+02 6.096689970424374943e-04
2.620000000000000000e+02 6.101768700450281363e-04
2.630000000000000000e+02 6.106837154594017868e-04
2.640000000000000000e+02 6.111895375831018868e-04
2.650000000000000000e+02 6.116943406881200510e-04
2.660000000000000000e+02 6.121981290210620590e-04
2.670000000000000000e+02 6.127009068033116785e-04
2.680000000000000000e+02 6.132026782311956808e-04
2.690000000000000000e+02 6.137034474761470133e-04
2.700000000000000000e+02 6.142032186848671044e-04
2.710000000000000000e+02 6.147019959794904455e-04
2.720000000000000000e+02 6.151997834577450528e-04
2.730000000000000000e+02 6.156965851931143390e-04
2.740000000000000000e+02 6.161924052349983336e-04
2.750000000000000000e+02 6.166872476088739287e-04
2.760000000000000000e+02 6.171811163164542561e-04
2.770000000000000000e+02 6.176740153358473064e-04
2.780000000000000000e+02 6.181659486217157403e-04
2.790000000000000000e+02 6.186569201054325801e-04
2.800000000000000000e+02 6.191469336952391779e-04
2.810000000000000000e+02 6.196359932764012321e-04
2.820000000000000000e+02 6.201241027113646963e-04
2.830000000000000000e+02 6.206112658399091930e-04
2.840000000000000000e+02 6.210974864793029470e-04
2.850000000000000000e+02 6.215827684244558740e-04
2.860000000000000000e+02 6.220671154480710442e-04
2.870000000000000000e+02 6.225505313007977711e-04
2.880000000000000000e+02 6.230330197113806900e-04
2.890000000000000000e+02 6.235145843868110035e-04
2.900000000000000000e+02 6.239952290124744757e-04
2.910000000000000000e+02 6.244749572523007261e-04
2.920000000000000000e+02 6.249537727489098147e-04
2.930000000000000000e+02 6.254316791237594757e-04
2.940000000000000000e+02 6.259086799772900760e-04
2.950000000000000000e+02 6.263847788890702234e-04
2.960000000000000000e+02 6.268599794179405315e-04
2.970000000000000000e+02 6.273342851021568431e-04
2.980000000000000000e+02 6.278076994595316101e-04
2.990000000000000000e+02 6.282802259875767915e-04
3.000000000000000000e+02 6.287518681636433899e-04
3.010000000000000000e+02 6.292226294450609884e-04
3.020000000000000000e+02 6.296925132692771793e-04
3.030000000000000000e+02 6.301615230539948237e-04
3.040000000000000000e+02 6.306296621973094202e-04
3.050000000000000000e+02 6.310969340778451722e-04
3.060000000000000000e+02 6.315633420548894287e-04
3.070000000000000000e+02 6.320288894685283185e-04
3.080000000000000000e+02 6.324935796397791309e-04
3.090000000000000000e+02 6.329574158707232390e-04
3.100000000000000000e+02 6.334204014446379385e-04
3.110000000000000000e+02 6.338825396261267694e-04
3.120000000000000000e+02 6.343438336612494026e-04
3.130000000000000000e+02 6.348042867776512027e-04
3.140000000000000000e+02 6.352639021846908382e-04
3.150000000000000000e+02 6.357226830735678924e-04
3.160000000000000000e+02 6.361806326174485222e-04
3.170000000000000000e+02 6.366377539715910088e-04
3.180000000000000000e+02 6.370940502734715252e-04
3.190000000000000000e+02 6.375495246429066509e-04
3.200000000000000000e+02 6.380041801821761038e-04
3.210000000000000000e+02 6.384580199761454716e-04
3.220000000000000000e+02 6.389110470923869923e-04
3.230000000000000000e+02 6.393632645812993582e-04
3.240000000000000000e+02 6.398146754762278456e-04
3.250000000000000000e+02 6.402652827935821677e-04
3.260000000000000000e+02 6.407150895329545440e-04
3.270000000000000000e+02 6.411640986772362523e-04
3.280000000000000000e+02 6.416123131927335297e-04
3.290000000000000000e+02 6.420597360292830402e-04
3.300000000000000000e+02 6.425063701203656075e-04
3.310000000000000000e+02 6.429522183832203815e-04
3.320000000000000000e+02 6.433972837189562942e-04
3.330000000000000000e+02 6.438415690126653591e-04
3.340000000000000000e+02 6.442850771335316331e-04
3.350000000000000000e+02 6.447278109349433234e-04
3.360000000000000000e+02 6.451697732546009907e-04
3.370000000000000000e+02 6.456109669146259692e-04
3.380000000000000000e+02 6.460513947216684622e-04
3.390000000000000000e+02 6.464910594670145519e-04
3.400000000000000000e+02 6.469299639266915848e-04
3.410000000000000000e+02 6.473681108615737725e-04
3.420000000000000000e+02 6.478055030174868171e-04
3.430000000000000000e+02 6.482421431253118866e-04
3.440000000000000000e+02 6.486780339010874211e-04
3.450000000000000000e+02 6.491131780461127827e-04
3.460000000000000000e+02 6.495475782470483276e-04
3.470000000000000000e+02 6.499812371760168867e-04
3.480000000000000000e+02 6.504141574907028626e-04
3.490000000000000000e+02 6.508463418344518671e-04
3.500000000000000000e+02 6.512777928363687333e-04
3.510000000000000000e+02 6.517085131114156360e-04
3.520000000000000000e+02 6.521385052605081518e-04
3.530000000000000000e+02 6.525677718706114280e-04
3.540000000000000000e+02 6.529963155148366767e-04
3.550000000000000000e+02 6.534241387525338736e-04
3.560000000000000000e+02 6.538512441293877105e-04
3.570000000000000000e+02 6.542776341775092099e-04
3.580000000000000000e+02 6.547033114155291836e-04
3.590000000000000000e+02 6.551282783486891970e-04
3.600000000000000000e+02 6.555525374689337263e-04
3.610000000000000000e+02 6.559760912549988466e-04
3.620000000000000000e+02 6.563989421725041715e-04
3.630000000000000000e+02 6.568210926740391566e-04
3.640000000000000000e+02 6.572425451992542798e-04
3.650000000000000000e+02 6.576633021749458269e-04
3.660000000000000000e+02 6.580833660151453376e-04
3.670000000000000000e+02 6.585027391212039567e-04
3.680000000000000000e+02 6.589214238818789536e-04
3.690000000000000000e+02 6.593394226734189401e-04
3.700000000000000000e+02 6.597567378596473544e-04
3.710000000000000000e+02 6.601733717920464867e-04
3.720000000000000000e+02 6.605893268098406374e-04
3.730000000000000000e+02 6.610046052400782995e-04
3.740000000000000000e+02 6.614192093977140164e-04
3.750000000000000000e+02 6.618331415856892625e-04
3.760000000000000000e+02 6.622464040950127835e-04
3.770000000000000000e+02 6.626589992048411521e-04
3.780000000000000000e+02 6.630709291825570475e-04
3.790000000000000000e+02 6.634821962838485104e-04
3.800000000000000000e+02 6.638928027527866808e-04
3.810000000000000000e+02 6.643027508219039685e-04
3.820000000000000000e+02 6.647120427122687547e-04
3.830000000000000000e+02 6.651206806335644307e-04
3.840000000000000000e+02 6.655286667841627977e-04
3.850000000000000000e+02 6.659360033512005039e-04
3.860000000000000000e+02 6.663426925106523359e-04
3.870000000000000000e+02 6.667487364274060288e-04
3.880000000000000000e+02 6.671541372553355586e-04
3.890000000000000000e+02 6.675588971373731329e-04
3.900000000000000000e+02 6.679630182055821576e-04
3.910000000000000000e+02 6.683665025812282525e-04
3.920000000000000000e+02 6.687693523748511337e-04
3.930000000000000000e+02 6.691715696863342194e-04
3.940000000000000000e+02 6.695731566049751031e-04
3.950000000000000000e+02 6.699741152095554843e-04
3.960000000000000000e+02 6.703744475684090404e-04
3.970000000000000000e+02 6.707741557394903808e-04
3.980000000000000000e+02 6.711732417704431358e-04
3.990000000000000000e+02 6.715717076986669597e-04
4.000000000000000000e+02 6.719695555513843181e-04
4.010000000000000000e+02 6.723667873457073825e-04
4.020000000000000000e+02 6.727634050887023242e-04
4.030000000000000000e+02 6.731594107774566431e-04
4.040000000000000000e+02 6.735548063991423761e-04
4.050000000000000000e+02 6.739495939310815838e-04
4.060000000000000000e+02 6.743437753408087999e-04
4.070000000000000000e+02 6.747373525861355414e-04
4.080000000000000000e+02 6.751303276152126505e-04
4.090000000000000000e+02 6.755227023665924188e-04
4.100000000000000000e+02 6.759144787692916885e-04
4.110000000000000000e+02 6.763056587428505073e-04
4.120000000000000000e+02 6.766962441973965302e-04
4.130000000000000000e+02 6.770862370337026991e-04
4.140000000000000000e+02 6.774756391432493674e-04
4.150000000000000000e+02 6.778644524082816543e-04
4.160000000000000000e+02 6.782526787018704857e-04
4.170000000000000000e+02 6.786403198879700565e-04
4.180000000000000000e+02 6.790273778214767032e-04
4.190000000000000000e+02 6.794138543482863661e-04
4.200000000000000000e+02 6.797997513053515104e-04
4.210000000000000000e+02 6.801850705207389139e-04
4.220000000000000000e+02 6.805698138136850699e-04
4.230000000000000000e+02 6.809539829946533243e-04
4.240000000000000000e+02 6.813375798653886284e-04
4.250000000000000000e+02 6.817206062189725075e-04
4.260000000000000000e+02 6.821030638398791141e-04
4.270000000000000000e+02 6.824849545040280289e-04
4.280000000000000000e+02 6.828662799788393382e-04
4.290000000000000000e+02 6.832470420232864342e-04
4.300000000000000000e+02 6.836272423879496832e-04
4.310000000000000000e+02 6.840068828150683592e-04
4.320000000000000000e+02 6.843859650385940947e-04
4.330000000000000000e+02 6.847644907842415129e-04
4.340000000000000000e+02 6.851424617695413537e-04
4.350000000000000000e+02 6.855198797038899138e-04
4.360000000000000000e+02 6.858967462886007621e-04
4.370000000000000000e+02 6.862730632169552645e-04
4.380000000000000000e+02 6.866488321742521316e-04
4.390000000000000000e+02 6.870240548378572917e-04
4.400000000000000000e+02 6.873987328772525720e-04
4.410000000000000000e+02 6.877728679540858966e-04
4.420000000000000000e+02 6.881464617222185585e-04
4.430000000000000000e+02 6.885195158277736824e-04
4.440000000000000000e+02 6.888920319091846895e-04
4.450000000000000000e+02 6.892640115972419176e-04
4.460000000000000000e+02 6.896354565151397841e-04
4.470000000000000000e+02 6.900063682785247078e-04
4.480000000000000000e+02 6.903767484955393441e-04
4.490000000000000000e+02 6.907465987668708323e-04
4.500000000000000000e+02 6.911159206857953562e-04
4.510000000000000000e+02 6.914847158382231383e-04
4.520000000000000000e+02 6.918529858027449523e-04
4.530000000000000000e+02 6.922207321506753828e-04
4.540000000000000000e+02 6.925879564460980364e-04
4.550000000000000000e+02 6.929546602459088012e-04
4.560000000000000000e+02 6.933208450998609501e-04
4.570000000000000000e+02 6.936865125506065568e-04
4.580000000000000000e+02 6.940516641337419242e-04
4.590000000000000000e+02 6.944163013778478083e-04
4.600000000000000000e+02 6.947804258045341954e-04
4.610000000000000000e+02 6.951440389284808518e-04
4.620000000000000000e+02 6.955071422574800408e-04
4.630000000000000000e+02 6.958697372924772893e-04
4.640000000000000000e+02 6.962318255276132373e-04
4.650000000000000000e+02 6.965934084502646215e-04
4.660000000000000000e+02 6.969544875410843901e-04
4.670000000000000000e+02 6.973150642740420357e-04
4.680000000000000000e+02 6.976751401164640355e-04
4.690000000000000000e+02 6.980347165290734252e-04
4.700000000000000000e+02 6.983937949660293720e-04
4.710000000000000000e+02 6.987523768749656639e-04
4.720000000000000000e+02 6.991104636970302830e-04
4.730000000000000000e+02 6.994680568669244371e-04
4.740000000000000000e+02 6.998251578129390969e-04
4.750000000000000000e+02 7.001817679569952201e-04
4.760000000000000000e+02 7.005378887146799637e-04
4.770000000000000000e+02 7.008935214952845228e-04
4.780000000000000000e+02 7.012486677018419691e-04
4.790000000000000000e+02 7.016033287311636800e-04
4.800000000000000000e+02 7.019575059738755512e-04
4.810000000000000000e+02 7.023112008144554016e-04
4.820000000000000000e+02 7.026644146312685350e-04
4.830000000000000000e+02 7.030171487966040611e-04
4.840000000000000000e+02 7.033694046767096980e-04
4.850000000000000000e+02 7.037211836318284187e-04
4.860000000000000000e+02 7.040724870162320612e-04
4.870000000000000000e+02 7.044233161782576490e-04
4.880000000000000000e+02 7.047736724603412186e-04
4.890000000000000000e+02 7.051235571990525138e-04
4.900000000000000000e+02 7.054729717251284875e-04
4.910000000000000000e+02 7.058219173635085384e-04
4.920000000000000000e+02 7.061703954333667117e-04
4.930000000000000000e+02 7.065184072481459597e-04
4.940000000000000000e+02 7.068659541155908853e-04
4.950000000000000000e+02 7.072130373377812432e-04
4.960000000000000000e+02 7.075596582111642495e-04
4.970000000000000000e+02 7.079058180265868907e-04
4.980000000000000000e+02 7.082515180693289922e-04
4.990000000000000000e+02 7.085967596191339009e-04
5.000000000000000000e+02 7.089415439502414450e-04
5.010000000000000000e+02 7.092858723314190506e-04
5.020000000000000000e+02 7.096297460259931838e-04
5.030000000000000000e+02 7.099731662918810091e-04
5.040000000000000000e+02 7.103161343816192293e-04
5.050000000000000000e+02 7.106586515423981296e-04
5.060000000000000000e+02 7.110007190160887907e-04
5.070000000000000000e+02 7.113423380392752899e-04
5.080000000000000000e+02 7.116835098432849503e-04
5.090000000000000000e+02 7.120242356542163132e-04
5.100000000000000000e+02 7.123645166929710136e-04
5.110000000000000000e+02 7.127043541752811021e-04
5.120000000000000000e+02 7.130437493117402700e-04
5.130000000000000000e+02 7.133827033078316048e-04
5.140000000000000000e+02 7.137212173639567551e-04
5.150000000000000000e+02 7.140592926754642288e-04
5.160000000000000000e+02 7.143969304326786658e-04
5.170000000000000000e+02 7.147341318209284857e-04
5.180000000000000000e+02 7.150708980205732097e-04
5.190000000000000000e+02 7.154072302070331674e-04
5.200000000000000000e+02 7.157431295508151926e-04
5.210000000000000000e+02 7.160785972175415714e-04
5.220000000000000000e+02 7.164136343679760634e-04
5.230000000000000000e+02 7.167482421580519819e-04
5.240000000000000000e+02 7.170824217388984323e-04
5.250000000000000000e+02 7.174161742568676333e-04
5.260000000000000000e+02 7.177495008535610468e-04
5.270000000000000000e+02 7.180824026658553984e-04
5.280000000000000000e+02 7.184148808259293488e-04
5.290000000000000000e+02 7.187469364612897316e-04
5.300000000000000000e+02 7.190785706947964897e-04
5.310000000000000000e+02 7.194097846446893471e-04
5.320000000000000000e+02 7.197405794246125284e-04
5.330000000000000000e+02 7.200709561436396955e-04
5.340000000000000000e+02 7.204009159063006189e-04
5.350000000000000000e+02 7.207304598126041632e-04
5.360000000000000000e+02 7.210595889580648492e-04
5.370000000000000000e+02 7.213883044337259486e-04
5.380000000000000000e+02 7.217166073261851783e-04
5.390000000000000000e+02 7.220444987176180118e-04
5.400000000000000000e+02 7.223719796858026152e-04
5.410000000000000000e+02 7.226990513041430496e-04
5.420000000000000000e+02 7.230257146416935567e-04
5.430000000000000000e+02 7.233519707631819780e-04
5.440000000000000000e+02 7.236778207290331735e-04
5.450000000000000000e+02 7.240032655953926571e-04
5.460000000000000000e+02 7.243283064141494733e-04
5.470000000000000000e+02 7.246529442329597247e-04
5.480000000000000000e+02 7.249771800952678220e-04
5.490000000000000000e+02 7.253010150403314208e-04
5.500000000000000000e+02 7.256244501032426721e-04
5.510000000000000000e+02 7.259474863149504480e-04
5.520000000000000000e+02 7.262701247022833274e-04
5.530000000000000000e+02 7.265923662879712796e-04
5.540000000000000000e+02 7.269142120906676736e-04
5.550000000000000000e+02 7.272356631249710709e-04
5.560000000000000000e+02 7.275567204014470176e-04
5.570000000000000000e+02 7.278773849266494036e-04
5.580000000000000000e+02 7.281976577031416039e-04
5.590000000000000000e+02 7.285175397295187054e-04
5.600000000000000000e+02 7.288370320004274559e-04
5.610000000000000000e+02 7.291561355065876229e-04
5.620000000000000000e+02 7.294748512348130272e-04
5.630000000000000000e+02 7.297931801680324678e-04
5.640000000000000000e+02 7.301111232853089127e-04
5.650000000000000000e+02 7.304286815618621581e-04
5.660000000000000000e+02 7.307458559690865017e-04
5.670000000000000000e+02 7.310626474745732933e-04
5.680000000000000000e+02 7.313790570421293668e-04
5.690000000000000000e+02 7.316950856317979649e-04
5.700000000000000000e+02 7.320107341998769541e-04
5.710000000000000000e+02 7.323260036989404000e-04
5.720000000000000000e+02 7.326408950778571074e-04
5.730000000000000000e+02 7.329554092818094850e-04
5.740000000000000000e+02 7.332695472523137123e-04
5.750000000000000000e+02 7.335833099272384954e-04
5.760000000000000000e+02 7.338966982408238245e-04
5.770000000000000000e+02 7.342097131237007059e-04
5.780000000000000000e+02 7.345223555029088344e-04
5.790000000000000000e+02 7.348346263019154591e-04
5.800000000000000000e+02 7.351465264406345729e-04
5.810000000000000000e+02 7.354580568354450194e-04
5.820000000000000000e+02 7.357692183992078395e-04
5.830000000000000000e+02 7.360800120412864384e-04
5.840000000000000000e+02 7.363904386675624138e-04
5.850000000000000000e+02 7.367004991804546390e-04
5.860000000000000000e+02 7.370101944789374769e-04
5.870000000000000000e+02 7.373195254585572598e-04
5.880000000000000000e+02 7.376284930114510464e-04
5.890000000000000000e+02 7.379370980263632099e-04
5.900000000000000000e+02 7.382453413886636527e-04
5.910000000000000000e+02 7.385532239803641779e-04
5.920000000000000000e+02 7.388607466801360530e-04
5.930000000000000000e+02 7.391679103633274663e-04
5.940000000000000000e+02 7.394747159019795721e-04
5.950000000000000000e+02 7.397811641648442725e-04
5.960000000000000000e+02 7.400872560173999380e-04
5.970000000000000000e+02 7.403929923218686461e-04
5.980000000000000000e+02 7.406983739372326615e-04
5.990000000000000000e+02 7.410034017192506988e-04
6.000000000000000000e+02 7.413080765204741861e-04
6.010000000000000000e+02 7.416123991902637443e-04
6.020000000000000000e+02 7.419163705748047996e-04
6.030000000000000000e+02 7.422199915171239556e-04
6.040000000000000000e+02 7.425232628571043882e-04
6.050000000000000000e+02 7.428261854315028681e-04
6.060000000000000000e+02 7.431287600739636384e-04
6.070000000000000000e+02 7.434309876150355448e-04
6.080000000000000000e+02 7.437328688821869980e-04
6.090000000000000000e+02 7.440344046998209355e-04
6.100000000000000000e+02 7.443355958892906507e-04
6.110000000000000000e+02 7.446364432689155143e-04
6.120000000000000000e+02 7.449369476539944180e-04
6.130000000000000000e+02 7.452371098568223631e-04
6.140000000000000000e+02 7.455369306867052053e-04
6.150000000000000000e+02 7.458364109499734246e-04
6.160000000000000000e+02 7.461355514499981708e-04
6.170000000000000000e+02 7.464343529872050336e-04
6.180000000000000000e+02 7.467328163590890040e-04
6.190000000000000000e+02 7.470309423602292196e-04
6.200000000000000000e+02 7.473287317823024091e-04
6.210000000000000000e+02 7.476261854140976368e-04
6.220000000000000000e+02 7.479233040415320241e-04
6.230000000000000000e+02 7.482200884476614827e-04
6.240000000000000000e+02 7.485165394126984959e-04
6.250000000000000000e+02 7.488126577140231770e-04
6.260000000000000000e+02 7.491084441261993158e-04
6.270000000000000000e+02 7.494038994209861965e-04
6.280000000000000000e+02 7.496990243673535594e-04
6.290000000000000000e+02 7.499938197314953703e-04
6.300000000000000000e+02 7.502882862768420723e-04
6.310000000000000000e+02 7.505824247640754390e-04
6.320000000000000000e+02 7.508762359511411515e-04
6.330000000000000000e+02 7.511697205932622422e-04
6.340000000000000000e+02 7.514628794429522142e-04
6.350000000000000000e+02 7.517557132500281595e-04
6.360000000000000000e+02 7.520482227616246372e-04
6.370000000000000000e+02 7.523404087222053827e-04
6.380000000000000000e+02 7.526322718735767520e-04
6.390000000000000000e+02 7.529238129549004066e-04
6.400000000000000000e+02 7.532150327027064326e-04
6.410000000000000000e+02 7.535059318509058088e-04
6.420000000000000000e+02 7.537965111308023332e-04
6.430000000000000000e+02 7.540867712711066088e-04
6.440000000000000000e+02 7.543767129979465609e-04
6.450000000000000000e+02 7.546663370348817481e-04
6.460000000000000000e+02 7.549556441029138792e-04
6.470000000000000000e+02 7.552446349205005826e-04
6.480000000000000000e+02 7.555333102035664654e-04
6.490000000000000000e+02 7.558216706655152559e-04
6.500000000000000000e+02 7.561097170172424893e-04
6.510000000000000000e+02 7.563974499671466747e-04
6.520000000000000000e+02 7.566848702211420889e-04
6.530000000000000000e+02 7.569719784826688591e-04
6.540000000000000000e+02 7.572587754527070579e-04
6.550000000000000000e+02 7.575452618297858105e-04
6.560000000000000000e+02 7.578314383099969557e-04
6.570000000000000000e+02 7.581173055870057791e-04
6.580000000000000000e+02 7.584028643520613136e-04
6.590000000000000000e+02 7.586881152940102169e-04
6.600000000000000000e+02 7.589730590993051199e-04
6.610000000000000000e+02 7.592576964520188296e-04
6.620000000000000000e+02 7.595420280338531114e-04
6.630000000000000000e+02 7.598260545241508320e-04
6.640000000000000000e+02 7.601097765999071266e-04
6.650000000000000000e+02 7.603931949357800243e-04
6.660000000000000000e+02 7.606763102041013986e-04
6.670000000000000000e+02 7.609591230748881342e-04
6.680000000000000000e+02 7.612416342158525358e-04
6.690000000000000000e+02 7.615238442924130617e-04
6.700000000000000000e+02 7.618057539677050571e-04
6.710000000000000000e+02 7.620873639025918132e-04
6.720000000000000000e+02 7.623686747556744333e-04
6.730000000000000000e+02 7.626496871833024580e-04
6.740000000000000000e+02 7.629304018395842739e-04
6.750000000000000000e+02 7.632108193763982801e-04
6.760000000000000000e+02 7.634909404434016712e-04
6.770000000000000000e+02 7.637707656880420373e-04
6.780000000000000000e+02 7.640502957555665806e-04
6.790000000000000000e+02 7.643295312890327400e-04
6.800000000000000000e+02 7.646084729293184910e-04
6.810000000000000000e+02 7.648871213151318873e-04
6.820000000000000000e+02 7.651654770830204925e-04
6.830000000000000000e+02 7.654435408673828734e-04
6.840000000000000000e+02 7.657213133004767310e-04
6.850000000000000000e+02 7.659987950124298511e-04
6.860000000000000000e+02 7.662759866312488866e-04
6.870000000000000000e+02 7.665528887828301991e-04
6.880000000000000000e+02 7.668295020909680990e-04
6.890000000000000000e+02 7.671058271773655794e-04
6.900000000000000000e+02 7.673818646616427722e-04
6.910000000000000000e+02 7.676576151613475740e-04
6.920000000000000000e+02 7.679330792919637771e-04
6.930000000000000000e+02 7.682082576669214784e-04
6.940000000000000000e+02 7.684831508976058606e-04
6.950000000000000000e+02 7.687577595933659750e-04
6.960000000000000000e+02 7.690320843615252580e-04
6.970000000000000000e+02 7.693061258073892288e-04
6.980000000000000000e+02 7.695798845342550305e-04
6.990000000000000000e+02 7.698533611434212965e-04
7.000000000000000000e+02 7.701265562341955227e-04
7.010000000000000000e+02 7.703994704039046930e-04
7.020000000000000000e+02 7.706721042479027601e-04
7.030000000000000000e+02 7.709444583595808373e-04
7.040000000000000000e+02 7.712165333303738117e-04
7.050000000000000000e+02 7.714883297497718371e-04
7.060000000000000000e+02 7.717598482053272726e-04
7.070000000000000000e+02 7.720310892826628144e-04
7.080000000000000000e+02 7.723020535654820124e-04
7.090000000000000000e+02 7.725727416355762092e-04
7.100000000000000000e+02 7.728431540728335387e-04
7.110000000000000000e+02 7.731132914552477087e-04
7.120000000000000000e+02 7.733831543589256979e-04
7.130000000000000000e+02 7.736527433580962137e-04
7.140000000000000000e+02 7.739220590251187984e-04
7.150000000000000000e+02 7.741911019304914196e-04
7.160000000000000000e+02 7.744598726428580590e-04
7.170000000000000000e+02 7.747283717290185789e-04
7.180000000000000000e+02 7.749965997539353356e-04
7.190000000000000000e+02 7.752645572807414197e-04
7.200000000000000000e+02 7.755322448707499799e-04
7.210000000000000000e+02 7.757996630834602947e-04
7.220000000000000000e+02 7.760668124765670965e-04
7.230000000000000000e+02 7.763336936059680527e-04
7.240000000000000000e+02 7.766003070257712464e-04
7.250000000000000000e+02 7.768666532883040671e-04
7.260000000000000000e+02 7.771327329441196077e-04
7.270000000000000000e+02 7.773985465420049038e-04
7.280000000000000000e+02 7.776640946289897164e-04
7.290000000000000000e+02 7.779293777503521693e-04
7.300000000000000000e+02 7.781943964496277483e-04
7.310000000000000000e+02 7.784591512686163482e-04
7.320000000000000000e+02 7.787236427473905129e-04
7.330000000000000000e+02 7.789878714243016157e-04
7.340000000000000000e+02 7.792518378359882068e-04
7.350000000000000000e+02 7.795155425173834951e-04
7.360000000000000000e+02 7.797789860017219615e-04
7.370000000000000000e+02 7.800421688205477072e-04
7.380000000000000000e+02 7.803050915037205255e-04
7.390000000000000000e+02 7.805677545794242498e-04
7.400000000000000000e+02 7.808301585741730423e-04
7.410000000000000000e+02 7.810923040128192000e-04
7.420000000000000000e+02 7.813541914185603105e-04
7.430000000000000000e+02 7.816158213129456491e-04
7.440000000000000000e+02 7.818771942158834424e-04
7.450000000000000000e+02 7.821383106456486749e-04
7.460000000000000000e+02 7.823991711188894860e-04
7.470000000000000000e+02 7.826597761506334577e-04
7.480000000000000000e+02 7.829201262542952048e-04
7.490000000000000000e+02 7.831802219416837468e-04
7.500000000000000000e+02 7.834400637230080379e-04
7.510000000000000000e+02 7.836996521068853149e-04
7.520000000000000000e+02 7.839589876003458680e-04
7.530000000000000000e+02 7.842180707088414974e-04
7.540000000000000000e+02 7.844769019362514764e-04
7.550000000000000000e+02 7.847354817848894906e-04
7.560000000000000000e+02 7.849938107555093835e-04
7.570000000000000000e+02 7.852518893473129638e-04
7.580000000000000000e+02 7.855097180579556420e-04
7.590000000000000000e+02 7.857672973835534789e-04
7.600000000000000000e+02 7.860246278186889309e-04
7.610000000000000000e+02 7.862817098564182233e-04
7.620000000000000000e+02 7.865385439882769877e-04
7.630000000000000000e+02 7.867951307042872012e-04
7.640000000000000000e+02 7.870514704929628238e-04
7.650000000000000000e+02 7.873075638413170631e-04
7.660000000000000000e+02 7.875634112348674698e-04
7.670000000000000000e+02 7.878190131576432017e-04
7.680000000000000000e+02 7.880743700921907704e-04
7.690000000000000000e+02 7.883294825195801122e-04
7.700000000000000000e+02 7.885843509194107688e-04
7.710000000000000000e+02 7.888389757698187170e-04
7.720000000000000000e+02 7.890933575474808146e-04
7.730000000000000000e+02 7.893474967276223895e-04
7.740000000000000000e+02 7.896013937840226605e-04
7.750000000000000000e+02 7.898550491890210263e-04
7.760000000000000000e+02 7.901084634135218353e-04
7.770000000000000000e+02 7.903616369270021922e-04
7.780000000000000000e+02 7.906145701975161866e-04
7.790000000000000000e+02 7.908672636917019397e-04
7.800000000000000000e+02 7.911197178747863754e-04
7.810000000000000000e+02 7.913719332105916167e-04
7.820000000000000000e+02 7.916239101615410575e-04
7.830000000000000000e+02 7.918756491886640245e-04
7.840000000000000000e+02 7.921271507516031499e-04
7.850000000000000000e+02 7.923784153086178405e-04
7.860000000000000000e+02 7.926294433165921929e-04
7.870000000000000000e+02 7.928802352310391132e-04
7.880000000000000000e+02 7.931307915061061716e-04
7.890000000000000000e+02 7.933811125945815657e-04
7.900000000000000000e+02 7.936311989478997582e-04
7.910000000000000000e+02 7.938810510161458138e-04
7.920000000000000000e+02 7.941306692480624464e-04
7.930000000000000000e+02 7.943800540910544647e-04
7.940000000000000000e+02 7.946292059911944095e-04
7.950000000000000000e+02 7.948781253932280834e-04
7.960000000000000000e+02 7.951268127405796467e-04
7.970000000000000000e+02 7.953752684753576888e-04
7.980000000000000000e+02 7.956234930383588059e-04
7.990000000000000000e+02 7.958714868690752991e-04
8.000000000000000000e+02 7.961192504056988604e-04
8.010000000000000000e+02 7.963667840851254521e-04
8.020000000000000000e+02 7.966140883429622451e-04
8.030000000000000000e+02 7.968611636135307635e-04
8.040000000000000000e+02 7.971080103298736064e-04
8.050000000000000000e+02 7.973546289237586765e-04
8.060000000000000000e+02 7.976010198256847095e-04
8.070000000000000000e+02 7.978471834648864780e-04
8.080000000000000000e+02 7.980931202693391287e-04
8.090000000000000000e+02 7.983388306657636033e-04
8.100000000000000000e+02 7.985843150796322759e-04
8.110000000000000000e+02 7.988295739351728569e-04
8.120000000000000000e+02 7.990746076553735967e-04
8.130000000000000000e+02 7.993194166619893570e-04
8.140000000000000000e+02 7.995640013755444305e-04
8.150000000000000000e+02 7.998083622153392622e-04
8.160000000000000000e+02 8.000524995994545696e-04
8.170000000000000000e+02 8.002964139447561135e-04
8.180000000000000000e+02 8.005401056668992512e-04
8.190000000000000000e+02 8.007835751803347914e-04
8.200000000000000000e+02 8.010268228983115964e-04
8.210000000000000000e+02 8.012698492328850387e-04
8.220000000000000000e+02 8.015126545949170008e-04
8.230000000000000000e+02 8.017552393940843326e-04
8.240000000000000000e+02 8.019976040388814530e-04
8.250000000000000000e+02 8.022397489366259876e-04
8.260000000000000000e+02 8.024816744934632146e-04
8.270000000000000000e+02 8.027233811143701840e-04
8.280000000000000000e+02 8.029648692031605972e-04
8.290000000000000000e+02 8.032061391624895769e-04
8.300000000000000000e+02 8.034471913938572452e-04
8.310000000000000000e+02 8.036880262976154460e-04
8.320000000000000000e+02 8.039286442729689369e-04
8.330000000000000000e+02 8.041690457179827625e-04
8.340000000000000000e+02 8.044092310295851813e-04
8.350000000000000000e+02 8.046492006035728698e-04
8.360000000000000000e+02 8.048889548346138505e-04
8.370000000000000000e+02 8.051284941162542130e-04
8.380000000000000000e+02 8.053678188409203915e-04
8.390000000000000000e+02 8.056069293999243690e-04
8.400000000000000000e+02 8.058458261834676884e-04
8.410000000000000000e+02 8.060845095806464401e-04
8.420000000000000000e+02 8.063229799794550566e-04
8.430000000000000000e+02 8.065612377667892401e-04
8.440000000000000000e+02 8.067992833284532263e-04
8.450000000000000000e+02 8.070371170491613027e-04
8.460000000000000000e+02 8.072747393125429037e-04
8.470000000000000000e+02 8.075121505011467315e-04
8.480000000000000000e+02 8.077493509964452003e-04
8.490000000000000000e+02 8.079863411788383402e-04
8.500000000000000000e+02 8.082231214276573749e-04
8.510000000000000000e+02 8.084596921211702506e-04
8.520000000000000000e+02 8.086960536365835886e-04
8.530000000000000000e+02 8.089322063500486472e-04
8.540000000000000000e+02 8.091681506366644669e-04
8.550000000000000000e+02 8.094038868704816645e-04
8.560000000000000000e+02 8.096394154245073124e-04
8.570000000000000000e+02 8.098747366707076487e-04
8.580000000000000000e+02 8.101098509800134986e-04
8.590000000000000000e+02 8.103447587223225508e-04
8.600000000000000000e+02 8.105794602665046707e-04
8.610000000000000000e+02 8.108139559804053691e-04
8.620000000000000000e+02 8.110482462308494893e-04
8.630000000000000000e+02 8.112823313836444589e-04
8.640000000000000000e+02 8.115162118035859282e-04
8.650000000000000000e+02 8.117498878544596131e-04
8.660000000000000000e+02 8.119833598990461743e-04
8.670000000000000000e+02 8.122166282991251200e-04
8.680000000000000000e+02 8.124496934154775167e-04
8.690000000000000000e+02 8.126825556078906511e-04
8.700000000000000000e+02 8.129152152351625839e-04
8.710000000000000000e+02 8.131476726551034508e-04
8.720000000000000000e+02 8.133799282245408836e-04
8.730000000000000000e+02 8.136119822993235877e-04
8.740000000000000000e+02 8.138438352343247036e-04
8.750000000000000000e+02 8.140754873834457096e-04
8.760000000000000000e+02 8.143069390996191328e-04
8.770000000000000000e+02 8.145381907348131023e-04
8.780000000000000000e+02 8.147692426400353610e-04
8.790000000000000000e+02 8.150000951653354336e-04
8.800000000000000000e+02 8.152307486598085306e-04
8.810000000000000000e+02 8.154612034716008599e-04
8.820000000000000000e+02 8.156914599479103863e-04
8.830000000000000000e+02 8.159215184349924693e-04
8.840000000000000000e+02 8.161513792781622482e-04
8.850000000000000000e+02 8.163810428217987622e-04
8.860000000000000000e+02 8.166105094093478777e-04
8.870000000000000000e+02 8.168397793833256492e-04
8.880000000000000000e+02 8.170688530853228732e-04
8.890000000000000000e+02 8.172977308560071480e-04
8.900000000000000000e+02 8.175264130351265601e-04
8.910000000000000000e+02 8.177548999615139123e-04
8.920000000000000000e+02 8.179831919730890010e-04
8.930000000000000000e+02 8.182112894068625190e-04
8.940000000000000000e+02 8.184391925989398502e-04
8.950000000000000000e+02 8.186669018845230215e-04
8.960000000000000000e+02 8.188944175979151474e-04
8.970000000000000000e+02 8.191217400725235749e-04
8.980000000000000000e+02 8.193488696408628104e-04
8.990000000000000000e+02 8.195758066345576638e-04
9.000000000000000000e+02 8.198025513843475859e-04
9.010000000000000000e+02 8.200291042200879687e-04
9.020000000000000000e+02 8.202554654707555669e-04
9.030000000000000000e+02 8.204816354644493652e-04
9.040000000000000000e+02 8.207076145283961075e-04
9.050000000000000000e+02 8.209334029889519234e-04
9.060000000000000000e+02 8.211590011716055808e-04
9.070000000000000000e+02 8.213844094009823890e-04
9.080000000000000000e+02 8.216096280008464755e-04
9.090000000000000000e+02 8.218346572941044722e-04
9.100000000000000000e+02 8.220594976028087683e-04
9.110000000000000000e+02 8.222841492481593531e-04
9.120000000000000000e+02 8.225086125505084783e-04
9.130000000000000000e+02 8.227328878293632599e-04
9.140000000000000000e+02 8.229569754033878469e-04
9.150000000000000000e+02 8.231808755904071071e-04
9.160000000000000000e+02 8.234045887074099889e-04
9.170000000000000000e+02 8.236281150705519055e-04
9.180000000000000000e+02 8.238514549951579885e-04
9.190000000000000000e+02 8.240746087957257979e-04
9.200000000000000000e+02 8.242975767859288998e-04
9.210000000000000000e+02 8.245203592786190354e-04
9.220000000000000000e+02 8.247429565858296983e-04
9.230000000000000000e+02 8.249653690187786284e-04
9.240000000000000000e+02 8.251875968878709562e-04
9.250000000000000000e+02 8.254096405027018047e-04
9.260000000000000000e+02 8.256315001720596503e-04
9.270000000000000000e+02 8.258531762039284917e-04
9.280000000000000000e+02 8.260746689054919694e-04
9.290000000000000000e+02 8.262959785831343416e-04
9.300000000000000000e+02 8.265171055424447126e-04
9.310000000000000000e+02 8.267380500882196351e-04
9.320000000000000000e+02 8.269588125244659287e-04
9.330000000000000000e+02 8.271793931544021983e-04
9.340000000000000000e+02 8.273997922804640377e-04
9.350000000000000000e+02 8.276200102043046805e-04
9.360000000000000000e+02 8.278400472267989033e-04
9.370000000000000000e+02 8.280599036480447601e-04
9.380000000000000000e+02 8.282795797673677025e-04
9.390000000000000000e+02 8.284990758833218807e-04
9.400000000000000000e+02 8.287183922936940464e-04
9.410000000000000000e+02 8.289375292955052880e-04
9.420000000000000000e+02 8.291564871850141743e-04
9.430000000000000000e+02 8.293752662577194654e-04
9.440000000000000000e+02 8.295938668083627145e-04
9.450000000000000000e+02 8.298122891309306533e-04
9.460000000000000000e+02 8.300305335186583360e-04
9.470000000000000000e+02 8.302486002640314163e-04
9.480000000000000000e+02 8.304664896587883160e-04
9.490000000000000000e+02 8.306842019939234770e-04
9.500000000000000000e+02 8.309017375596906146e-04
9.510000000000000000e+02 8.311190966456034760e-04
9.520000000000000000e+02 8.313362795404396349e-04
9.530000000000000000e+02 8.315532865322428774e-04
9.540000000000000000e+02 8.317701179083260201e-04
9.550000000000000000e+02 8.319867739552726455e-04
9.560000000000000000e+02 8.322032549589397036e-04
9.570000000000000000e+02 8.324195612044611985e-04
9.580000000000000000e+02 8.326356929762493810e-04
9.590000000000000000e+02 8.328516505579980009e-04
9.600000000000000000e+02 8.330674342326841505e-04
9.610000000000000000e+02 8.332830442825713002e-04
9.620000000000000000e+02 8.334984809892115754e-04
9.630000000000000000e+02 8.337137446334480333e-04
9.640000000000000000e+02 8.339288354954174816e-04
9.650000000000000000e+02 8.341437538545521052e-04
9.660000000000000000e+02 8.343584999895828271e-04
9.670000000000000000e+02 8.345730741785412597e-04
9.680000000000000000e+02 8.347874766987620904e-04
9.690000000000000000e+02 8.350017078268855749e-04
9.700000000000000000e+02 8.352157678388595977e-04
9.710000000000000000e+02 8.354296570099429241e-04
9.720000000000000000e+02 8.356433756147060680e-04
9.730000000000000000e+02 8.358569239270345445e-04
9.740000000000000000e+02 8.360703022201321222e-04
9.750000000000000000e+02 8.362835107665206064e-04
9.760000000000000000e+02 8.364965498380454775e-04
9.770000000000000000e+02 8.367094197058748059e-04
9.780000000000000000e+02 8.369221206405040234e-04
9.790000000000000000e+02 8.371346529117567898e-04
9.800000000000000000e+02 8.373470167887883545e-04
9.810000000000000000e+02 8.375592125400868572e-04
9.820000000000000000e+02 8.377712404334762553e-04
9.830000000000000000e+02 8.379831007361178419e-04
9.840000000000000000e+02 8.381947937145133899e-04
9.850000000000000000e+02 8.384063196345068868e-04
9.860000000000000000e+02 8.386176787612862693e-04
9.870000000000000000e+02 8.388288713593866760e-04
9.880000000000000000e+02 8.390398976926918568e-04
9.890000000000000000e+02 8.392507580244367750e-04
9.900000000000000000e+02 8.394614526172091253e-04
9.910000000000000000e+02 8.396719817329529115e-04
9.920000000000000000e+02 8.398823456329685549e-04
9.930000000000000000e+02 8.400925445779167978e-04
9.940000000000000000e+02 8.403025788278203293e-04
9.950000000000000000e+02 8.405124486420655202e-04
9.960000000000000000e+02 8.407221542794047001e-04
9.970000000000000000e+02 8.409316959979587589e-04
9.980000000000000000e+02 8.411410740552184486e-04
9.990000000000000000e+02 8.413502887080473100e-04
