# 5 1000
# Pressure, Entropy, Quantity
# column * scaling factor should be SI units
# scaling factors (constant) for each column given on line below
# 1000000000.0 4824266.84604467
0.000000000000000000e+00 2.470822235093862685e-04
1.000000000000000000e+00 2.602925125521982422e-04
2.000000000000000000e+00 2.749894845682133602e-04
3.000000000000000000e+00 2.869911144312945763e-04
4.000000000000000000e+00 2.961732178592100541e-04
5.000000000000000000e+00 3.024564044744451402e-04
6.000000000000000000e+00 3.079690319817528633e-04
7.000000000000000000e+00 3.115659176355802906e-04
8.000000000000000000e+00 3.140156695560851171e-04
9.000000000000000000e+00 3.160325476479213143e-04
1.000000000000000000e+01 3.175107044704435287e-04
1.100000000000000000e+01 3.185857215473470718e-04
1.200000000000000000e+01 3.193759765135986586e-04
1.300000000000000000e+01 3.199609594403751765e-04
1.400000000000000000e+01 3.202643678049997902e-04
1.500000000000000000e+01 3.204552514982872912e-04
1.600000000000000000e+01 3.205328870973998237e-04
1.700000000000000000e+01 3.205561347063508358e-04
1.800000000000000000e+01 3.204720284543402607e-04
1.900000000000000000e+01 3.202420170171605632e-04
2.000000000000000000e+01 3.199356500336458125e-04
2.100000000000000000e+01 3.195996895079006458e-04
2.200000000000000000e+01 3.192516478746733398e-04
2.300000000000000000e+01 3.188942327226132749e-04
2.400000000000000000e+01 3.185875163512803137e-04
2.500000000000000000e+01 3.183937157333723489e-04
2.600000000000000000e+01 3.183482709405171282e-04
2.700000000000000000e+01 3.183389465707118279e-04
2.800000000000000000e+01 3.183427451391629870e-04
2.900000000000000000e+01 3.183590908539520666e-04
3.000000000000000000e+01 3.183874384518819512e-04
3.100000000000000000e+01 3.184272711827727765e-04
3.200000000000000000e+01 3.184780989551267219e-04
3.300000000000000000e+01 3.185394566279479717e-04
3.400000000000000000e+01 3.186109024351398947e-04
3.500000000000000000e+01 3.186920165303642940e-04
3.600000000000000000e+01 3.187823996415098111e-04
3.700000000000000000e+01 3.188816718250518331e-04
3.800000000000000000e+01 3.189894713115685402e-04
3.900000000000000000e+01 3.191054534345644472e-04
4.000000000000000000e+01 3.192292896355231687e-04
4.100000000000000000e+01 3.193606665388089880e-04
4.200000000000000000e+01 3.194992850906459131e-04
4.300000000000000000e+01 3.196448597569554666e-04
4.400000000000000000e+01 3.197971177753214790e-04
4.500000000000000000e+01 3.199557984567882310e-04
4.600000000000000000e+01 3.201206525335889759e-04
4.700000000000000000e+01 3.202914415492552212e-04
4.800000000000000000e+01 3.204679372878721597e-04
4.900000000000000000e+01 3.206499212395269366e-04
5.000000000000000000e+01 3.208371840992576261e-04
5.100000000000000000e+01 3.210295252970358690e-04
5.200000000000000000e+01 3.212267525565289518e-04
5.300000000000000000e+01 3.214286814805725613e-04
5.400000000000000000e+01 3.216351351614585427e-04
5.500000000000000000e+01 3.218459438142944789e-04
5.600000000000000000e+01 3.220609444318349186e-04
5.700000000000000000e+01 3.222799804593096291e-04
5.800000000000000000e+01 3.225029014878921037e-04
5.900000000000000000e+01 3.227295629655560689e-04
6.000000000000000000e+01 3.229598259241661857e-04
6.100000000000000000e+01 3.231935567217324558e-04
6.200000000000000000e+01 3.234306267988482152e-04
6.300000000000000000e+01 3.236709124483922568e-04
6.400000000000000000e+01 3.239142945976538506e-04
6.500000000000000000e+01 3.241606586020974326e-04
6.600000000000000000e+01 3.244098940500365360e-04
6.700000000000000000e+01 3.246618945775465483e-04
6.800000000000000000e+01 3.249165576929875115e-04
6.900000000000000000e+01 3.251737846105535014e-04
7.000000000000000000e+01 3.254334800923080573e-04
7.100000000000000000e+01 3.256955522982003153e-04
7.200000000000000000e+01 3.259599126435894592e-04
7.300000000000000000e+01 3.262264756638423970e-04
7.400000000000000000e+01 3.264951588855931558e-04
7.500000000000000000e+01 3.267658827042810537e-04
7.600000000000000000e+01 3.270385702676127898e-04
7.700000000000000000e+01 3.273131473646148973e-04
7.800000000000000000e+01 3.275895423199608409e-04
7.900000000000000000e+01 3.278676858932857681e-04
8.000000000000000000e+01 3.281475111832090849e-04
8.100000000000000000e+01 3.284289535358162989e-04
8.200000000000000000e+01 3.287119504573505504e-04
8.300000000000000000e+01 3.289964415308962824e-04
8.400000000000000000e+01 3.292823683368372909e-04
8.500000000000000000e+01 3.295696743768947016e-04
8.600000000000000000e+01 3.298583050015540001e-04
8.700000000000000000e+01 3.301482073407092693e-04
8.800000000000000000e+01 3.304393302373555535e-04
8.900000000000000000e+01 3.307316241841765829e-04
9.000000000000000000e+01 3.310250412628793805e-04
9.100000000000000000e+01 3.313195350861400596e-04
9.200000000000000000e+01 3.316150607420267535e-04
9.300000000000000000e+01 3.319115747407811725e-04
9.400000000000000000e+01 3.322090349638414774e-04
9.500000000000000000e+01 3.325074006149945807e-04
9.600000000000000000e+01 3.328066321735599175e-04
9.700000000000000000e+01 3.331066913495019577e-04
9.800000000000000000e+01 3.334075410403829339e-04
9.900000000000000000e+01 3.337091452900671539e-04
1.000000000000000000e+02 3.340114692490942232e-04
1.010000000000000000e+02 3.343144791366442579e-04
1.020000000000000000e+02 3.346181422040201661e-04
1.030000000000000000e+02 3.349224266995780449e-04
1.040000000000000000e+02 3.352273018350386872e-04
1.050000000000000000e+02 3.355327377531178591e-04
1.060000000000000000e+02 3.358387054964152266e-04
1.070000000000000000e+02 3.361451769775063137e-04
1.080000000000000000e+02 3.364521249501837142e-04
1.090000000000000000e+02 3.367595229817951915e-04
1.100000000000000000e+02 3.370673454266336706e-04
1.110000000000000000e+02 3.373755674003288711e-04
1.120000000000000000e+02 3.376841647552006808e-04
1.130000000000000000e+02 3.379931140565314461e-04
1.140000000000000000e+02 3.383023925597171693e-04
1.150000000000000000e+02 3.386119781882611325e-04
1.160000000000000000e+02 3.389218495125730286e-04
1.170000000000000000e+02 3.392319857295426466e-04
1.180000000000000000e+02 3.395423666428500553e-04
1.190000000000000000e+02 3.398529726439893550e-04
1.200000000000000000e+02 3.401637846939679411e-04
1.210000000000000000e+02 3.404747843056619267e-04
1.220000000000000000e+02 3.407859535267934638e-04
1.230000000000000000e+02 3.410972749235105018e-04
1.240000000000000000e+02 3.414087315645406300e-04
1.250000000000000000e+02 3.417203070058984064e-04
1.260000000000000000e+02 3.420319852761229693e-04
1.270000000000000000e+02 3.423437508620246275e-04
1.280000000000000000e+02 3.426555886949214018e-04
1.290000000000000000e+02 3.429674841373457302e-04
1.300000000000000000e+02 3.432794229702020397e-04
1.310000000000000000e+02 3.435913913803598403e-04
1.320000000000000000e+02 3.439033759486623959e-04
1.330000000000000000e+02 3.442153636383393127e-04
1.340000000000000000e+02 3.445273417838021234e-04
1.350000000000000000e+02 3.448392980798141915e-04
1.360000000000000000e+02 3.451512205710157463e-04
1.370000000000000000e+02 3.454630976417936939e-04
1.380000000000000000e+02 3.457749180064830321e-04
1.390000000000000000e+02 3.460866706998850140e-04
1.400000000000000000e+02 3.463983450680943642e-04
1.410000000000000000e+02 3.467099307596211268e-04
1.420000000000000000e+02 3.470214177167964655e-04
1.430000000000000000e+02 3.473327961674540685e-04
1.440000000000000000e+02 3.476440566168755562e-04
1.450000000000000000e+02 3.479551898399900261e-04
1.460000000000000000e+02 3.482661868738198200e-04
1.470000000000000000e+02 3.485770390101638398e-04
1.480000000000000000e+02 3.488877377885077867e-04
1.490000000000000000e+02 3.491982749891555781e-04
1.500000000000000000e+02 3.495086426265737556e-04
1.510000000000000000e+02 3.498188329429398314e-04
1.520000000000000000e+02 3.501288384018901283e-04
1.530000000000000000e+02 3.504386516824571380e-04
1.540000000000000000e+02 3.507482656731922234e-04
1.550000000000000000e+02 3.510576734664662391e-04
1.560000000000000000e+02 3.513668683529422147e-04
1.570000000000000000e+02 3.516758438162137035e-04
1.580000000000000000e+02 3.519845935276043531e-04
1.590000000000000000e+02 3.522931113411214860e-04
1.600000000000000000e+02 3.526013912885608728e-04
1.610000000000000000e+02 3.529094275747552160e-04
1.620000000000000000e+02 3.532172145729628758e-04
1.630000000000000000e+02 3.535247468203916868e-04
1.640000000000000000e+02 3.538320190138543979e-04
1.650000000000000000e+02 3.541390260055498783e-04
1.660000000000000000e+02 3.544457627989668395e-04
1.670000000000000000e+02 3.547522245449058974e-04
1.680000000000000000e+02 3.550584065376168313e-04
1.690000000000000000e+02 3.553643042110450753e-04
1.700000000000000000e+02 3.556699131351878239e-04
1.710000000000000000e+02 3.559752290125512385e-04
1.720000000000000000e+02 3.562802476747098943e-04
1.730000000000000000e+02 3.565849650789636974e-04
1.740000000000000000e+02 3.568893773050870128e-04
1.750000000000000000e+02 3.571934805521716303e-04
1.760000000000000000e+02 3.574972711355558705e-04
1.770000000000000000e+02 3.578007454838404264e-04
1.780000000000000000e+02 3.581039001359864423e-04
1.790000000000000000e+02 3.584067317384949077e-04
1.800000000000000000e+02 3.587092370426625413e-04
1.810000000000000000e+02 3.590114129019142744e-04
1.820000000000000000e+02 3.593132562692181336e-04
1.830000000000000000e+02 3.596147641945196928e-04
1.840000000000000000e+02 3.599159338223505947e-04
1.850000000000000000e+02 3.602167623893952212e-04
1.860000000000000000e+02 3.605172472221796084e-04
1.870000000000000000e+02 3.608173857348088791e-04
1.880000000000000000e+02 3.611171754267660959e-04
1.890000000000000000e+02 3.614166138807711239e-04
1.900000000000000000e+02 3.617156987606954936e-04
1.910000000000000000e+02 3.620144278095340212e-04
1.920000000000000000e+02 3.623127988474280367e-04
1.930000000000000000e+02 3.626108097697441782e-04
1.940000000000000000e+02 3.629084585452002935e-04
1.950000000000000000e+02 3.632057432140437100e-04
1.960000000000000000e+02 3.635026618862749860e-04
1.970000000000000000e+02 3.637992127399194216e-04
1.980000000000000000e+02 3.640953940193430213e-04
1.990000000000000000e+02 3.643912040336121506e-04
2.000000000000000000e+02 3.646866411548969401e-04
2.010000000000000000e+02 3.649817038169132864e-04
2.020000000000000000e+02 3.652763905134077341e-04
2.030000000000000000e+02 3.655706997966804133e-04
2.040000000000000000e+02 3.658646302761443510e-04
2.050000000000000000e+02 3.661581806169238694e-04
2.060000000000000000e+02 3.664513495384869729e-04
2.070000000000000000e+02 3.667441358133138938e-04
2.080000000000000000e+02 3.670365382655974050e-04
2.090000000000000000e+02 3.673285557699787485e-04
2.100000000000000000e+02 3.676201872503124580e-04
2.110000000000000000e+02 3.679114316784641960e-04
2.120000000000000000e+02 3.682022880731383513e-04
2.130000000000000000e+02 3.684927554987346395e-04
2.140000000000000000e+02 3.687828330642331639e-04
2.150000000000000000e+02 3.690725199221078280e-04
2.160000000000000000e+02 3.693618152672657686e-04
2.170000000000000000e+02 3.696507183360142200e-04
2.180000000000000000e+02 3.699392284050517722e-04
2.190000000000000000e+02 3.702273447904852704e-04
2.200000000000000000e+02 3.705150668468703504e-04
2.210000000000000000e+02 3.708023939662761516e-04
2.220000000000000000e+02 3.710893255773718225e-04
2.230000000000000000e+02 3.713758611445366615e-04
2.240000000000000000e+02 3.716620001669910752e-04
2.250000000000000000e+02 3.719477421779484607e-04
2.260000000000000000e+02 3.722330867437885016e-04
2.270000000000000000e+02 3.725180334632499798e-04
2.280000000000000000e+02 3.728025819666426683e-04
2.290000000000000000e+02 3.730867319150785785e-04
2.300000000000000000e+02 3.733704829997222877e-04
2.310000000000000000e+02 3.736538349410584527e-04
2.320000000000000000e+02 3.739367874881762907e-04
2.330000000000000000e+02 3.742193404180731413e-04
2.340000000000000000e+02 3.745014935349722874e-04
2.350000000000000000e+02 3.747832466696585010e-04
2.360000000000000000e+02 3.750645996788296369e-04
2.370000000000000000e+02 3.753455524444611812e-04
2.380000000000000000e+02 3.756261048731892324e-04
2.390000000000000000e+02 3.759062568957057871e-04
2.400000000000000000e+02 3.761860084661680127e-04
2.410000000000000000e+02 3.764653595616233492e-04
2.420000000000000000e+02 3.767443101814462662e-04
2.430000000000000000e+02 3.770228603467891144e-04
2.440000000000000000e+02 3.773010101000451744e-04
2.450000000000000000e+02 3.775787595043250959e-04
2.460000000000000000e+02 3.778561086429450453e-04
2.470000000000000000e+02 3.781330576189263467e-04
2.480000000000000000e+02 3.784096065545072113e-04
2.490000000000000000e+02 3.786857555906663394e-04
2.500000000000000000e+02 3.789615048866560080e-04
2.510000000000000000e+02 3.792368546195474112e-04
2.520000000000000000e+02 3.795118049837856492e-04
2.530000000000000000e+02 3.797863561907553970e-04
2.540000000000000000e+02 3.800605084683560055e-04
2.550000000000000000e+02 3.803342620605872277e-04
2.560000000000000000e+02 3.806076172271433480e-04
2.570000000000000000e+02 3.808805742430175566e-04
2.580000000000000000e+02 3.811531333981145095e-04
2.590000000000000000e+02 3.814252949968729729e-04
2.600000000000000000e+02 3.816970593578949164e-04
2.610000000000000000e+02 3.819684268135857758e-04
2.620000000000000000e+02 3.822393977098007315e-04
2.630000000000000000e+02 3.825099724054993903e-04
2.640000000000000000e+02 3.827801512724098455e-04
2.650000000000000000e+02 3.830499346946974527e-04
2.660000000000000000e+02 3.833193230686442318e-04
2.670000000000000000e+02 3.835883168023333095e-04
2.680000000000000000e+02 3.838569163153414941e-04
2.690000000000000000e+02 3.841251220384376500e-04
2.700000000000000000e+02 3.843929344132900180e-04
2.710000000000000000e+02 3.846603538921772206e-04
2.720000000000000000e+02 3.849273809377087548e-04
2.730000000000000000e+02 3.851940160225486294e-04
2.740000000000000000e+02 3.854602596291484880e-04
2.750000000000000000e+02 3.857261122494836064e-04
2.760000000000000000e+02 3.859915743847971287e-04
2.770000000000000000e+02 3.862566465453484243e-04
2.780000000000000000e+02 3.865213292501678958e-04
2.790000000000000000e+02 3.867856230268172072e-04
2.800000000000000000e+02 3.870495284111545001e-04
2.810000000000000000e+02 3.873130459471051936e-04
2.820000000000000000e+02 3.875761761864370664e-04
2.830000000000000000e+02 3.878389196885416814e-04
2.840000000000000000e+02 3.881012770202194972e-04
2.850000000000000000e+02 3.883632487554703459e-04
2.860000000000000000e+02 3.886248354752877597e-04
2.870000000000000000e+02 3.888860377674595325e-04
2.880000000000000000e+02 3.891468562263702860e-04
2.890000000000000000e+02 3.894072914528107590e-04
2.900000000000000000e+02 3.896673440537896439e-04
2.910000000000000000e+02 3.899270146423502482e-04
2.920000000000000000e+02 3.901863038373911676e-04
2.930000000000000000e+02 3.904452122634909160e-04
2.940000000000000000e+02 3.907037405507361879e-04
2.950000000000000000e+02 3.909618893345543494e-04
2.960000000000000000e+02 3.912196592555488564e-04
2.970000000000000000e+02 3.914770509593391715e-04
2.980000000000000000e+02 3.917340650964035013e-04
2.990000000000000000e+02 3.919907023219257065e-04
3.000000000000000000e+02 3.922469632956441642e-04
3.010000000000000000e+02 3.925028486817064310e-04
3.020000000000000000e+02 3.927583591485241219e-04
3.030000000000000000e+02 3.930134953686332112e-04
3.040000000000000000e+02 3.932682580185566101e-04
3.050000000000000000e+02 3.935226477786692915e-04
3.060000000000000000e+02 3.937766653330676981e-04
3.070000000000000000e+02 3.940303113694399091e-04
3.080000000000000000e+02 3.942835865789413364e-04
3.090000000000000000e+02 3.945364916560704211e-04
3.100000000000000000e+02 3.947890272985496961e-04
3.110000000000000000e+02 3.950411942072066867e-04
3.120000000000000000e+02 3.952929930858600153e-04
3.130000000000000000e+02 3.955444246412058852e-04
3.140000000000000000e+02 3.957954895827088472e-04
3.150000000000000000e+02 3.960461886224939760e-04
3.160000000000000000e+02 3.962965224752409434e-04
3.170000000000000000e+02 3.965464918580812359e-04
3.180000000000000000e+02 3.967960974904986252e-04
3.190000000000000000e+02 3.970453400942284996e-04
3.200000000000000000e+02 3.972942203931633764e-04
3.210000000000000000e+02 3.975427391132574915e-04
3.220000000000000000e+02 3.977908969824357267e-04
3.230000000000000000e+02 3.980386947305021572e-04
3.240000000000000000e+02 3.982861330890529361e-04
3.250000000000000000e+02 3.985332127913895038e-04
3.260000000000000000e+02 3.987799345724351045e-04
3.270000000000000000e+02 3.990262991686508148e-04
3.280000000000000000e+02 3.992723073179563426e-04
3.290000000000000000e+02 3.995179597596510974e-04
3.300000000000000000e+02 3.997632572343358024e-04
3.310000000000000000e+02 4.000082004838382806e-04
3.320000000000000000e+02 4.002527902511396210e-04
3.330000000000000000e+02 4.004970272803017538e-04
3.340000000000000000e+02 4.007409123163967061e-04
3.350000000000000000e+02 4.009844461054386223e-04
3.360000000000000000e+02 4.012276293943152971e-04
3.370000000000000000e+02 4.014704629307230691e-04
3.380000000000000000e+02 4.017129474631018766e-04
3.390000000000000000e+02 4.019550837405725372e-04
3.400000000000000000e+02 4.021968725128751104e-04
3.410000000000000000e+02 4.024383145303087246e-04
3.420000000000000000e+02 4.026794105436726505e-04
3.430000000000000000e+02 4.029201613042089473e-04
3.440000000000000000e+02 4.031605675635461378e-04
3.450000000000000000e+02 4.034006300736440228e-04
3.460000000000000000e+02 4.036403495867401216e-04
3.470000000000000000e+02 4.038797268552972507e-04
3.480000000000000000e+02 4.041187626319521324e-04
3.490000000000000000e+02 4.043574576694653052e-04
3.500000000000000000e+02 4.045958127206719006e-04
3.510000000000000000e+02 4.048338285384337214e-04
3.520000000000000000e+02 4.050715058755926211e-04
3.530000000000000000e+02 4.053088454849249674e-04
3.540000000000000000e+02 4.055458481190965395e-04
3.550000000000000000e+02 4.057825145306187260e-04
3.560000000000000000e+02 4.060188454718066209e-04
3.570000000000000000e+02 4.062548416947363056e-04
3.580000000000000000e+02 4.064905039512051134e-04
3.590000000000000000e+02 4.067258329926914050e-04
3.600000000000000000e+02 4.069608295703155379e-04
3.610000000000000000e+02 4.071954944348021356e-04
3.620000000000000000e+02 4.074298283364434958e-04
3.630000000000000000e+02 4.076638320250622403e-04
3.640000000000000000e+02 4.078975062499775412e-04
3.650000000000000000e+02 4.081308517599690718e-04
3.660000000000000000e+02 4.083638693032443177e-04
3.670000000000000000e+02 4.085965596274052374e-04
3.680000000000000000e+02 4.088289234794167124e-04
3.690000000000000000e+02 4.090609616055743462e-04
3.700000000000000000e+02 4.092926747514750280e-04
3.710000000000000000e+02 4.095240636619855998e-04
3.720000000000000000e+02 4.097551290812153713e-04
3.730000000000000000e+02 4.099858717524863588e-04
3.740000000000000000e+02 4.102162924183062886e-04
3.750000000000000000e+02 4.104463918203412210e-04
3.760000000000000000e+02 4.106761706993894748e-04
3.770000000000000000e+02 4.109056297953556612e-04
3.780000000000000000e+02 4.111347698472257468e-04
3.790000000000000000e+02 4.113635915930421712e-04
3.800000000000000000e+02 4.115920957698807536e-04
3.810000000000000000e+02 4.118202831138265694e-04
3.820000000000000000e+02 4.120481543599518320e-04
3.830000000000000000e+02 4.122757102422935590e-04
3.840000000000000000e+02 4.125029514938322668e-04
3.850000000000000000e+02 4.127298788464707751e-04
3.860000000000000000e+02 4.129564930310136608e-04
3.870000000000000000e+02 4.131827947771477428e-04
3.880000000000000000e+02 4.134087848134220238e-04
3.890000000000000000e+02 4.136344638672299640e-04
3.900000000000000000e+02 4.138598326647895858e-04
3.910000000000000000e+02 4.140848919311266143e-04
3.920000000000000000e+02 4.143096423900567509e-04
3.930000000000000000e+02 4.145340847641685970e-04
3.940000000000000000e+02 4.147582197748076079e-04
3.950000000000000000e+02 4.149820481420592871e-04
3.960000000000000000e+02 4.152055705847345506e-04
3.970000000000000000e+02 4.154287878203533004e-04
3.980000000000000000e+02 4.156517005651309262e-04
3.990000000000000000e+02 4.158743095339630731e-04
4.000000000000000000e+02 4.160966154404121967e-04
4.010000000000000000e+02 4.163186189966939566e-04
4.020000000000000000e+02 4.165403209136635016e-04
4.030000000000000000e+02 4.167617219008038138e-04
4.040000000000000000e+02 4.169828226662122654e-04
4.050000000000000000e+02 4.172036239165889085e-04
4.060000000000000000e+02 4.174241263572250372e-04
4.070000000000000000e+02 4.176443306919918035e-04
4.080000000000000000e+02 4.178642376233289955e-04
4.090000000000000000e+02 4.180838478522344668e-04
4.100000000000000000e+02 4.183031620782541615e-04
4.110000000000000000e+02 4.185221809994715977e-04
4.120000000000000000e+02 4.187409053124987058e-04
4.130000000000000000e+02 4.189593357124659625e-04
4.140000000000000000e+02 4.191774728930140422e-04
4.150000000000000000e+02 4.193953175462839509e-04
4.160000000000000000e+02 4.196128703629100872e-04
4.170000000000000000e+02 4.198301320320104303e-04
4.180000000000000000e+02 4.200471032411797639e-04
4.190000000000000000e+02 4.202637846764818155e-04
4.200000000000000000e+02 4.204801770224413419e-04
4.210000000000000000e+02 4.206962809620382201e-04
4.220000000000000000e+02 4.209120971766992618e-04
4.230000000000000000e+02 4.211276263462924128e-04
4.240000000000000000e+02 4.213428691491200311e-04
4.250000000000000000e+02 4.215578262619137906e-04
4.260000000000000000e+02 4.217724983598268216e-04
4.270000000000000000e+02 4.219868861164304029e-04
4.280000000000000000e+02 4.222009902037068612e-04
4.290000000000000000e+02 4.224148112920452338e-04
4.300000000000000000e+02 4.226283500502357932e-04
4.310000000000000000e+02 4.228416071454663074e-04
4.320000000000000000e+02 4.230545832433156963e-04
4.330000000000000000e+02 4.232672790077518640e-04
4.340000000000000000e+02 4.234796951011257356e-04
4.350000000000000000e+02 4.236918321841687089e-04
4.360000000000000000e+02 4.239036909159875593e-04
4.370000000000000000e+02 4.241152719540626503e-04
4.380000000000000000e+02 4.243265759542425670e-04
4.390000000000000000e+02 4.245376035707424354e-04
4.400000000000000000e+02 4.247483554561405075e-04
4.410000000000000000e+02 4.249588322613746913e-04
4.420000000000000000e+02 4.251690346357411962e-04
4.430000000000000000e+02 4.253789632268904124e-04
4.440000000000000000e+02 4.255886186808259357e-04
4.450000000000000000e+02 4.257980016419018023e-04
4.460000000000000000e+02 4.260071127528207002e-04
4.470000000000000000e+02 4.262159526546312584e-04
4.480000000000000000e+02 4.264245219867279931e-04
4.490000000000000000e+02 4.266328213868478920e-04
4.500000000000000000e+02 4.268408514910704689e-04
4.510000000000000000e+02 4.270486129338154323e-04
4.520000000000000000e+02 4.272561063478423063e-04
4.530000000000000000e+02 4.274633323642485871e-04
4.540000000000000000e+02 4.276702916124699061e-04
4.550000000000000000e+02 4.278769847202782946e-04
4.560000000000000000e+02 4.280834123137820216e-04
4.570000000000000000e+02 4.282895750174250515e-04
4.580000000000000000e+02 4.284954734539865562e-04
4.590000000000000000e+02 4.287011082445809696e-04
4.600000000000000000e+02 4.289064800086573367e-04
4.610000000000000000e+02 4.291115893639992594e-04
4.620000000000000000e+02 4.293164369267256559e-04
4.630000000000000000e+02 4.295210233112901638e-04
4.640000000000000000e+02 4.297253491304819538e-04
4.650000000000000000e+02 4.299294149954256206e-04
4.660000000000000000e+02 4.301332215155822137e-04
4.670000000000000000e+02 4.303367692987495078e-04
4.680000000000000000e+02 4.305400589510625453e-04
4.690000000000000000e+02 4.307430910769944493e-04
4.700000000000000000e+02 4.309458662793579412e-04
4.710000000000000000e+02 4.311483851593051787e-04
4.720000000000000000e+02 4.313506483163297069e-04
4.730000000000000000e+02 4.315526563482675968e-04
4.740000000000000000e+02 4.317544098512974453e-04
4.750000000000000000e+02 4.319559094199432485e-04
4.760000000000000000e+02 4.321571556470748350e-04
4.770000000000000000e+02 4.323581491239098721e-04
4.780000000000000000e+02 4.325588904400144621e-04
4.790000000000000000e+02 4.327593801833060148e-04
4.800000000000000000e+02 4.329596189400537905e-04
4.810000000000000000e+02 4.331596072948817725e-04
4.820000000000000000e+02 4.333593458307691553e-04
4.830000000000000000e+02 4.335588351290531632e-04
4.840000000000000000e+02 4.337580757694310565e-04
4.850000000000000000e+02 4.339570683299618118e-04
4.860000000000000000e+02 4.341558133870678567e-04
4.870000000000000000e+02 4.343543115155378887e-04
4.880000000000000000e+02 4.345525632885289353e-04
4.890000000000000000e+02 4.347505692775685223e-04
4.900000000000000000e+02 4.349483300525567339e-04
4.910000000000000000e+02 4.351458461817687062e-04
4.920000000000000000e+02 4.353431182318578800e-04
4.930000000000000000e+02 4.355401467678569221e-04
4.940000000000000000e+02 4.357369323531817373e-04
4.950000000000000000e+02 4.359334755496332568e-04
4.960000000000000000e+02 4.361297769174003660e-04
4.970000000000000000e+02 4.363258370150620725e-04
4.980000000000000000e+02 4.365216563995914637e-04
4.990000000000000000e+02 4.367172356263568996e-04
5.000000000000000000e+02 4.369125752491261321e-04
5.010000000000000000e+02 4.371076758200684201e-04
5.020000000000000000e+02 4.373025378897575643e-04
5.030000000000000000e+02 4.374971620071758114e-04
5.040000000000000000e+02 4.376915487197148829e-04
5.050000000000000000e+02 4.378856985731810719e-04
5.060000000000000000e+02 4.380796121117968146e-04
5.070000000000000000e+02 4.382732898782042683e-04
5.080000000000000000e+02 4.384667324134691063e-04
5.090000000000000000e+02 4.386599402570832279e-04
5.100000000000000000e+02 4.388529139469670359e-04
5.110000000000000000e+02 4.390456540194744234e-04
5.120000000000000000e+02 4.392381610093945088e-04
5.130000000000000000e+02 4.394304354499561352e-04
5.140000000000000000e+02 4.396224778728304722e-04
5.150000000000000000e+02 4.398142888081341606e-04
5.160000000000000000e+02 4.400058687844339740e-04
5.170000000000000000e+02 4.401972183287488250e-04
5.180000000000000000e+02 4.403883379665538846e-04
5.190000000000000000e+02 4.405792282217839981e-04
5.200000000000000000e+02 4.407698896168375877e-04
5.210000000000000000e+02 4.409603226725789297e-04
5.220000000000000000e+02 4.411505279083434666e-04
5.230000000000000000e+02 4.413405058419393799e-04
5.240000000000000000e+02 4.415302569896536610e-04
5.250000000000000000e+02 4.417197818662531414e-04
5.260000000000000000e+02 4.419090809849895345e-04
5.270000000000000000e+02 4.420981548576037720e-04
5.280000000000000000e+02 4.422870039943275220e-04
5.290000000000000000e+02 4.424756289038893147e-04
5.300000000000000000e+02 4.426640300935160061e-04
5.310000000000000000e+02 4.428522080689387954e-04
5.320000000000000000e+02 4.430401633343951763e-04
5.330000000000000000e+02 4.432278963926329488e-04
5.340000000000000000e+02 4.434154077449152607e-04
5.350000000000000000e+02 4.436026978910228300e-04
5.360000000000000000e+02 4.437897673292590952e-04
5.370000000000000000e+02 4.439766165564527087e-04
5.380000000000000000e+02 4.441632460679625785e-04
5.390000000000000000e+02 4.443496563576811750e-04
5.400000000000000000e+02 4.445358479180383255e-04
5.410000000000000000e+02 4.447218212400052802e-04
5.420000000000000000e+02 4.449075768130981816e-04
5.430000000000000000e+02 4.450931151253834312e-04
5.440000000000000000e+02 4.452784366634789906e-04
5.450000000000000000e+02 4.454635419125607242e-04
5.460000000000000000e+02 4.456484313563651638e-04
5.470000000000000000e+02 4.458331054771940620e-04
5.480000000000000000e+02 4.460175647559173743e-04
5.490000000000000000e+02 4.462018096719781377e-04
5.500000000000000000e+02 4.463858407033961025e-04
5.510000000000000000e+02 4.465696583267716362e-04
5.520000000000000000e+02 4.467532630172897884e-04
5.530000000000000000e+02 4.469366552487241944e-04
5.540000000000000000e+02 4.471198354934413036e-04
5.550000000000000000e+02 4.473028042224039031e-04
5.560000000000000000e+02 4.474855619051758878e-04
5.570000000000000000e+02 4.476681090099250259e-04
5.580000000000000000e+02 4.478504460034285419e-04
5.590000000000000000e+02 4.480325733510758814e-04
5.600000000000000000e+02 4.482144915168731567e-04
5.610000000000000000e+02 4.483962009634472122e-04
5.620000000000000000e+02 4.485777021520495817e-04
5.630000000000000000e+02 4.487589955425606630e-04
5.640000000000000000e+02 4.489400815934934037e-04
5.650000000000000000e+02 4.491209607619976382e-04
5.660000000000000000e+02 4.493016335038640453e-04
5.670000000000000000e+02 4.494821002735282676e-04
5.680000000000000000e+02 4.496623615240746526e-04
5.690000000000000000e+02 4.498424177072403722e-04
5.700000000000000000e+02 4.500222692734197056e-04
5.710000000000000000e+02 4.502019166716678339e-04
5.720000000000000000e+02 4.503813603497051226e-04
5.730000000000000000e+02 4.505606007539206996e-04
5.740000000000000000e+02 4.507396383293771173e-04
5.750000000000000000e+02 4.509184735198138220e-04
5.760000000000000000e+02 4.510971067676511109e-04
5.770000000000000000e+02 4.512755385139950118e-04
5.780000000000000000e+02 4.514537691986404266e-04
5.790000000000000000e+02 4.516317992600755765e-04
5.800000000000000000e+02 4.518096291354858516e-04
5.810000000000000000e+02 4.519872592607578760e-04
5.820000000000000000e+02 4.521646900704839531e-04
5.830000000000000000e+02 4.523419219979649933e-04
5.840000000000000000e+02 4.525189554752154469e-04
5.850000000000000000e+02 4.526957909329676409e-04
5.860000000000000000e+02 4.528724288006743268e-04
5.870000000000000000e+02 4.530488695065140476e-04
5.880000000000000000e+02 4.532251134773950950e-04
5.890000000000000000e+02 4.534011611389582200e-04
5.900000000000000000e+02 4.535770129155819452e-04
5.910000000000000000e+02 4.537526692303856554e-04
5.920000000000000000e+02 4.539281305052349637e-04
5.930000000000000000e+02 4.541033971607436092e-04
5.940000000000000000e+02 4.542784696162792575e-04
5.950000000000000000e+02 4.544533482899663196e-04
5.960000000000000000e+02 4.546280335986905056e-04
5.970000000000000000e+02 4.548025259581026732e-04
5.980000000000000000e+02 4.549768257826228941e-04
5.990000000000000000e+02 4.551509334854437062e-04
6.000000000000000000e+02 4.553248494785349385e-04
6.010000000000000000e+02 4.554985741726469092e-04
6.020000000000000000e+02 4.556721079773153591e-04
6.030000000000000000e+02 4.558454513008641622e-04
6.040000000000000000e+02 4.560186045504096620e-04
6.050000000000000000e+02 4.561915681318653342e-04
6.060000000000000000e+02 4.563643424499448219e-04
6.070000000000000000e+02 4.565369279081655683e-04
6.080000000000000000e+02 4.567093249088538033e-04
6.090000000000000000e+02 4.568815338531473087e-04
6.100000000000000000e+02 4.570535551410004598e-04
6.110000000000000000e+02 4.572253891711866103e-04
6.120000000000000000e+02 4.573970363413034593e-04
6.130000000000000000e+02 4.575684970477759245e-04
6.140000000000000000e+02 4.577397716858599909e-04
6.150000000000000000e+02 4.579108606496471020e-04
6.160000000000000000e+02 4.580817643320679545e-04
6.170000000000000000e+02 4.582524831248953171e-04
6.180000000000000000e+02 4.584230174187493433e-04
6.190000000000000000e+02 4.585933676031000647e-04
6.200000000000000000e+02 4.587635340662718909e-04
6.210000000000000000e+02 4.589335171954472413e-04
6.220000000000000000e+02 4.591033173766703940e-04
6.230000000000000000e+02 4.592729349948510096e-04
6.240000000000000000e+02 4.594423704337679800e-04
6.250000000000000000e+02 4.596116240760735484e-04
6.260000000000000000e+02 4.597806963032964535e-04
6.270000000000000000e+02 4.599495874958461580e-04
6.280000000000000000e+02 4.601182980330162636e-04
6.290000000000000000e+02 4.602868282929880889e-04
6.300000000000000000e+02 4.604551786528350609e-04
6.310000000000000000e+02 4.606233494885256957e-04
6.320000000000000000e+02 4.607913411749277191e-04
6.330000000000000000e+02 4.609591540858113735e-04
6.340000000000000000e+02 4.611267885938532662e-04
6.350000000000000000e+02 4.612942450706403272e-04
6.360000000000000000e+02 4.614615238866732788e-04
6.370000000000000000e+02 4.616286254113695624e-04
6.380000000000000000e+02 4.617955500130684347e-04
6.390000000000000000e+02 4.619622980590328649e-04
6.400000000000000000e+02 4.621288699154549014e-04
6.410000000000000000e+02 4.622952659474578404e-04
6.420000000000000000e+02 4.624614865191006168e-04
6.430000000000000000e+02 4.626275319933812196e-04
6.440000000000000000e+02 4.627934027322396730e-04
6.450000000000000000e+02 4.629590990965629159e-04
6.460000000000000000e+02 4.631246214461872952e-04
6.470000000000000000e+02 4.632899701399020354e-04
6.480000000000000000e+02 4.634551455354535754e-04
6.490000000000000000e+02 4.636201479895486581e-04
6.500000000000000000e+02 4.637849778578573669e-04
6.510000000000000000e+02 4.639496354950176245e-04
6.520000000000000000e+02 4.641141212546378496e-04
6.530000000000000000e+02 4.642784354893009680e-04
6.540000000000000000e+02 4.644425785505676657e-04
6.550000000000000000e+02 4.646065507889794786e-04
6.560000000000000000e+02 4.647703525540632379e-04
6.570000000000000000e+02 4.649339841943334007e-04
6.580000000000000000e+02 4.650974460572964960e-04
6.590000000000000000e+02 4.652607384894534548e-04
6.600000000000000000e+02 4.654238618363041105e-04
6.610000000000000000e+02 4.655868164423501796e-04
6.620000000000000000e+02 4.657496026510980270e-04
6.630000000000000000e+02 4.659122208050632194e-04
6.640000000000000000e+02 4.660746712457726937e-04
6.650000000000000000e+02 4.662369543137695818e-04
6.660000000000000000e+02 4.663990703486149453e-04
6.670000000000000000e+02 4.665610196888920038e-04
6.680000000000000000e+02 4.667228026722095502e-04
6.690000000000000000e+02 4.668844196352053117e-04
6.700000000000000000e+02 4.670458709135481183e-04
6.710000000000000000e+02 4.672071568419433238e-04
6.720000000000000000e+02 4.673682777541337814e-04
6.730000000000000000e+02 4.675292339829049395e-04
6.740000000000000000e+02 4.676900258600869562e-04
6.750000000000000000e+02 4.678506537165586562e-04
6.760000000000000000e+02 4.680111178822506210e-04
6.770000000000000000e+02 4.681714186861477911e-04
6.780000000000000000e+02 4.683315564562941279e-04
6.790000000000000000e+02 4.684915315197940773e-04
6.800000000000000000e+02 4.686513442028168524e-04
6.810000000000000000e+02 4.688109948305999031e-04
6.820000000000000000e+02 4.689704837274513553e-04
6.830000000000000000e+02 4.691298112167528842e-04
6.840000000000000000e+02 4.692889776209643220e-04
6.850000000000000000e+02 4.694479832616256640e-04
6.860000000000000000e+02 4.696068284593601038e-04
6.870000000000000000e+02 4.697655135338781539e-04
6.880000000000000000e+02 4.699240388039798138e-04
6.890000000000000000e+02 4.700824045875582561e-04
6.900000000000000000e+02 4.702406112016024290e-04
6.910000000000000000e+02 4.703986589622009048e-04
6.920000000000000000e+02 4.705565481845441029e-04
6.930000000000000000e+02 4.707142791829277591e-04
6.940000000000000000e+02 4.708718522707567742e-04
6.950000000000000000e+02 4.710292677605463531e-04
6.960000000000000000e+02 4.711865259639270455e-04
6.970000000000000000e+02 4.713436271916467525e-04
6.980000000000000000e+02 4.715005717535733823e-04
6.990000000000000000e+02 4.716573599586990789e-04
7.000000000000000000e+02 4.718139921151424444e-04
7.010000000000000000e+02 4.719704685301514668e-04
7.020000000000000000e+02 4.721267895101067180e-04
7.030000000000000000e+02 4.722829553605244982e-04
7.040000000000000000e+02 4.724389663860588959e-04
7.050000000000000000e+02 4.725948228905063955e-04
7.060000000000000000e+02 4.727505251768069077e-04
7.070000000000000000e+02 4.729060735470484310e-04
7.080000000000000000e+02 4.730614683024689498e-04
7.090000000000000000e+02 4.732167097434593068e-04
7.100000000000000000e+02 4.733717981695665105e-04
7.110000000000000000e+02 4.735267338794968786e-04
7.120000000000000000e+02 4.736815171711178819e-04
7.130000000000000000e+02 4.738361483414621012e-04
7.140000000000000000e+02 4.739906276867296127e-04
7.150000000000000000e+02 4.741449555022907527e-04
7.160000000000000000e+02 4.742991320826893701e-04
7.170000000000000000e+02 4.744531577216448324e-04
7.180000000000000000e+02 4.746070327120559284e-04
7.190000000000000000e+02 4.747607573460029288e-04
7.200000000000000000e+02 4.749143319147504589e-04
7.210000000000000000e+02 4.750677567087508053e-04
7.220000000000000000e+02 4.752210320176458681e-04
7.230000000000000000e+02 4.753741581302707922e-04
7.240000000000000000e+02 4.755271353346561904e-04
7.250000000000000000e+02 4.756799639180306371e-04
7.260000000000000000e+02 4.758326441668242457e-04
7.270000000000000000e+02 4.759851763666711087e-04
7.280000000000000000e+02 4.761375608024114654e-04
7.290000000000000000e+02 4.762897977580949553e-04
7.300000000000000000e+02 4.764418875169829483e-04
7.310000000000000000e+02 4.765938303615519065e-04
7.320000000000000000e+02 4.767456265734955519e-04
7.330000000000000000e+02 4.768972764337272522e-04
7.340000000000000000e+02 4.770487802223835443e-04
7.350000000000000000e+02 4.772001382188259229e-04
7.360000000000000000e+02 4.773513507016437143e-04
7.370000000000000000e+02 4.775024179486577077e-04
7.380000000000000000e+02 4.776533402369206979e-04
7.390000000000000000e+02 4.778041178427225267e-04
7.400000000000000000e+02 4.779547510415907874e-04
7.410000000000000000e+02 4.781052401082943487e-04
7.420000000000000000e+02 4.782555853168454687e-04
7.430000000000000000e+02 4.784057869405031562e-04
7.440000000000000000e+02 4.785558452517747969e-04
7.450000000000000000e+02 4.787057605224191346e-04
7.460000000000000000e+02 4.788555330234492533e-04
7.470000000000000000e+02 4.790051630251340405e-04
7.480000000000000000e+02 4.791546507970016570e-04
7.490000000000000000e+02 4.793039966078422470e-04
7.500000000000000000e+02 4.794532007257091308e-04
7.510000000000000000e+02 4.796022634179226540e-04
7.520000000000000000e+02 4.797511849510720304e-04
7.530000000000000000e+02 4.798999655910182694e-04
7.540000000000000000e+02 4.800486056028958567e-04
7.550000000000000000e+02 4.801971052511160064e-04
7.560000000000000000e+02 4.803454647993687758e-04
7.570000000000000000e+02 4.804936845106257755e-04
7.580000000000000000e+02 4.806417646471421211e-04
7.590000000000000000e+02 4.807897054704591980e-04
7.600000000000000000e+02 4.809375072414074801e-04
7.610000000000000000e+02 4.810851702201078312e-04
7.620000000000000000e+02 4.812326946659749739e-04
7.630000000000000000e+02 4.813800808377193333e-04
7.640000000000000000e+02 4.815273289933498556e-04
7.650000000000000000e+02 4.816744393901759057e-04
7.660000000000000000e+02 4.818214122848096521e-04
7.670000000000000000e+02 4.819682479331693198e-04
7.680000000000000000e+02 4.821149465904799492e-04
7.690000000000000000e+02 4.822615085112769736e-04
7.700000000000000000e+02 4.824079339494087137e-04
7.710000000000000000e+02 4.825542231580375692e-04
7.720000000000000000e+02 4.827003763896432179e-04
7.730000000000000000e+02 4.828463938960247297e-04
7.740000000000000000e+02 4.829922759283025182e-04
7.750000000000000000e+02 4.831380227369211052e-04
7.760000000000000000e+02 4.832836345716516688e-04
7.770000000000000000e+02 4.834291116815931278e-04
7.780000000000000000e+02 4.835744543151753935e-04
7.790000000000000000e+02 4.837196627201619729e-04
7.800000000000000000e+02 4.838647371436504557e-04
7.810000000000000000e+02 4.840096778320772852e-04
7.820000000000000000e+02 4.841544850312175957e-04
7.830000000000000000e+02 4.842991589861887357e-04
7.840000000000000000e+02 4.844436999414527623e-04
7.850000000000000000e+02 4.845881081408172537e-04
7.860000000000000000e+02 4.847323838274388333e-04
7.870000000000000000e+02 4.848765272438251752e-04
7.880000000000000000e+02 4.850205386318363053e-04
7.890000000000000000e+02 4.851644182326873660e-04
7.900000000000000000e+02 4.853081662869516521e-04
7.910000000000000000e+02 4.854517830345609361e-04
7.920000000000000000e+02 4.855952687148092084e-04
7.930000000000000000e+02 4.857386235663532737e-04
7.940000000000000000e+02 4.858818478272173050e-04
7.950000000000000000e+02 4.860249417347921926e-04
7.960000000000000000e+02 4.861679055258394475e-04
7.970000000000000000e+02 4.863107394364927193e-04
7.980000000000000000e+02 4.864534437022602895e-04
7.990000000000000000e+02 4.865960185580262649e-04
8.000000000000000000e+02 4.867384642380533414e-04
8.010000000000000000e+02 4.868807809759855693e-04
8.020000000000000000e+02 4.870229690048488410e-04
8.030000000000000000e+02 4.871650285570539268e-04
8.040000000000000000e+02 4.873069598643983724e-04
8.050000000000000000e+02 4.874487631580689379e-04
8.060000000000000000e+02 4.875904386686428994e-04
8.070000000000000000e+02 4.877319866260901087e-04
8.080000000000000000e+02 4.878734072597759206e-04
8.090000000000000000e+02 4.880147007984624399e-04
8.100000000000000000e+02 4.881558674703105269e-04
8.110000000000000000e+02 4.882969075028816951e-04
8.120000000000000000e+02 4.884378211231413637e-04
8.130000000000000000e+02 4.885786085574590201e-04
8.140000000000000000e+02 4.887192700316113098e-04
8.150000000000000000e+02 4.888598057707837716e-04
8.160000000000000000e+02 4.890002159995722464e-04
8.170000000000000000e+02 4.891405009419866725e-04
8.180000000000000000e+02 4.892806608214503262e-04
8.190000000000000000e+02 4.894206958608039422e-04
8.200000000000000000e+02 4.895606062823064722e-04
8.210000000000000000e+02 4.897003923076375786e-04
8.220000000000000000e+02 4.898400541578996946e-04
8.230000000000000000e+02 4.899795920536188917e-04
8.240000000000000000e+02 4.901190062147479150e-04
8.250000000000000000e+02 4.902582968606680270e-04
8.260000000000000000e+02 4.903974642101897657e-04
8.270000000000000000e+02 4.905365084815565234e-04
8.280000000000000000e+02 4.906754298924445460e-04
8.290000000000000000e+02 4.908142286599666195e-04
8.300000000000000000e+02 4.909529050006725039e-04
8.310000000000000000e+02 4.910914591305517518e-04
8.320000000000000000e+02 4.912298912650346844e-04
8.330000000000000000e+02 4.913682016189952102e-04
8.340000000000000000e+02 4.915063904067520180e-04
8.350000000000000000e+02 4.916444578420704195e-04
8.360000000000000000e+02 4.917824041381645183e-04
8.370000000000000000e+02 4.919202295076987273e-04
8.380000000000000000e+02 4.920579341627891786e-04
8.390000000000000000e+02 4.921955183150067588e-04
8.400000000000000000e+02 4.923329821753779766e-04
8.410000000000000000e+02 4.924703259543863725e-04
8.420000000000000000e+02 4.926075498619753371e-04
8.430000000000000000e+02 4.927446541075495212e-04
8.440000000000000000e+02 4.928816388999760281e-04
8.450000000000000000e+02 4.930185044475866906e-04
8.460000000000000000e+02 4.931552509581801306e-04
8.470000000000000000e+02 4.932918786390225185e-04
8.480000000000000000e+02 4.934283876968505005e-04
8.490000000000000000e+02 4.935647783378716317e-04
8.500000000000000000e+02 4.937010507677678465e-04
8.510000000000000000e+02 4.938372051916953493e-04
8.520000000000000000e+02 4.939732418142874339e-04
8.530000000000000000e+02 4.941091608396555677e-04
8.540000000000000000e+02 4.942449624713915598e-04
8.550000000000000000e+02 4.943806469125696214e-04
8.560000000000000000e+02 4.945162143657466907e-04
8.570000000000000000e+02 4.946516650329654688e-04
8.580000000000000000e+02 4.947869991157552872e-04
8.590000000000000000e+02 4.949222168151346012e-04
8.600000000000000000e+02 4.950573183316115322e-04
8.610000000000000000e+02 4.951923038651863613e-04
8.620000000000000000e+02 4.953271736153529387e-04
8.630000000000000000e+02 4.954619277811004186e-04
8.640000000000000000e+02 4.955965665609143433e-04
8.650000000000000000e+02 4.957310901527793535e-04
8.660000000000000000e+02 4.958654987541797309e-04
8.670000000000000000e+02 4.959997925621016743e-04
8.680000000000000000e+02 4.961339717730350353e-04
8.690000000000000000e+02 4.962680365829736425e-04
8.700000000000000000e+02 4.964019871874187717e-04
8.710000000000000000e+02 4.965358237813794710e-04
8.720000000000000000e+02 4.966695465593745119e-04
8.730000000000000000e+02 4.968031557154340165e-04
8.740000000000000000e+02 4.969366514431009744e-04
8.750000000000000000e+02 4.970700339354329781e-04
8.760000000000000000e+02 4.972033033850033071e-04
8.770000000000000000e+02 4.973364599839026623e-04
8.780000000000000000e+02 4.974695039237417684e-04
8.790000000000000000e+02 4.976024353956511569e-04
8.800000000000000000e+02 4.977352545902842020e-04
8.810000000000000000e+02 4.978679616978167952e-04
8.820000000000000000e+02 4.980005569079518990e-04
8.830000000000000000e+02 4.981330404099180292e-04
8.840000000000000000e+02 4.982654123924721819e-04
8.850000000000000000e+02 4.983976730439014600e-04
8.860000000000000000e+02 4.985298225520244826e-04
8.870000000000000000e+02 4.986618611041922526e-04
8.880000000000000000e+02 4.987937888872899994e-04
8.890000000000000000e+02 4.989256060877395645e-04
8.900000000000000000e+02 4.990573128914991847e-04
8.910000000000000000e+02 4.991889094840666358e-04
8.920000000000000000e+02 4.993203960504793417e-04
8.930000000000000000e+02 4.994517727753166507e-04
8.940000000000000000e+02 4.995830398427014620e-04
8.950000000000000000e+02 4.997141974363009847e-04
8.960000000000000000e+02 4.998452457393282554e-04
8.970000000000000000e+02 4.999761849345448492e-04
8.980000000000000000e+02 5.001070152042599035e-04
8.990000000000000000e+02 5.002377367303342381e-04
9.000000000000000000e+02 5.003683496941798130e-04
9.010000000000000000e+02 5.004988542767618972e-04
9.020000000000000000e+02 5.006292506586009113e-04
9.030000000000000000e+02 5.007595390197730782e-04
9.040000000000000000e+02 5.008897195399117245e-04
9.050000000000000000e+02 5.010197923982097736e-04
9.060000000000000000e+02 5.011497577734202883e-04
9.070000000000000000e+02 5.012796158438578798e-04
9.080000000000000000e+02 5.014093667874001178e-04
9.090000000000000000e+02 5.015390107814892643e-04
9.100000000000000000e+02 5.016685480031336840e-04
9.110000000000000000e+02 5.017979786289086027e-04
9.120000000000000000e+02 5.019273028349576253e-04
9.130000000000000000e+02 5.020565207969949042e-04
9.140000000000000000e+02 5.021856326903053561e-04
9.150000000000000000e+02 5.023146386897470476e-04
9.160000000000000000e+02 5.024435389697518451e-04
9.170000000000000000e+02 5.025723337043262826e-04
9.180000000000000000e+02 5.027010230670551395e-04
9.190000000000000000e+02 5.028296072310995974e-04
9.200000000000000000e+02 5.029580863692011431e-04
9.210000000000000000e+02 5.030864606536817859e-04
9.220000000000000000e+02 5.032147302564449242e-04
9.230000000000000000e+02 5.033428953489781652e-04
9.240000000000000000e+02 5.034709561023531076e-04
9.250000000000000000e+02 5.035989126872272934e-04
9.260000000000000000e+02 5.037267652738452919e-04
9.270000000000000000e+02 5.038545140320409765e-04
9.280000000000000000e+02 5.039821591312374166e-04
9.290000000000000000e+02 5.041097007404480700e-04
9.300000000000000000e+02 5.042371390282802523e-04
9.310000000000000000e+02 5.043644741629337274e-04
9.320000000000000000e+02 5.044917063122033099e-04
9.330000000000000000e+02 5.046188356434802742e-04
9.340000000000000000e+02 5.047458623237533306e-04
9.350000000000000000e+02 5.048727865196092754e-04
9.360000000000000000e+02 5.049996083972354850e-04
9.370000000000000000e+02 5.051263281224201325e-04
9.380000000000000000e+02 5.052529458605537057e-04
9.390000000000000000e+02 5.053794617766306334e-04
9.400000000000000000e+02 5.055058760352498272e-04
9.410000000000000000e+02 5.056321888006169588e-04
9.420000000000000000e+02 5.057584002365437007e-04
9.430000000000000000e+02 5.058845105064516297e-04
9.440000000000000000e+02 5.060105197733716842e-04
9.450000000000000000e+02 5.061364281999450321e-04
9.460000000000000000e+02 5.062622359484257812e-04
9.470000000000000000e+02 5.063879431806813042e-04
9.480000000000000000e+02 5.065135500581933233e-04
9.490000000000000000e+02 5.066390567420588856e-04
9.500000000000000000e+02 5.067644633929927487e-04
9.510000000000000000e+02 5.068897701713275970e-04
9.520000000000000000e+02 5.070149772370151266e-04
9.530000000000000000e+02 5.071400847496273460e-04
9.540000000000000000e+02 5.072650928683580937e-04
9.550000000000000000e+02 5.073900017520246650e-04
9.560000000000000000e+02 5.075148115590669444e-04
9.570000000000000000e+02 5.076395224475514171e-04
9.580000000000000000e+02 5.077641345751692176e-04
9.590000000000000000e+02 5.078886480992405748e-04
9.600000000000000000e+02 5.080130631767128604e-04
9.610000000000000000e+02 5.081373799641638418e-04
9.620000000000000000e+02 5.082615986178021152e-04
9.630000000000000000e+02 5.083857192934680821e-04
9.640000000000000000e+02 5.085097421466353582e-04
9.650000000000000000e+02 5.086336673324116410e-04
9.660000000000000000e+02 5.087574950055399024e-04
9.670000000000000000e+02 5.088812253203995814e-04
9.680000000000000000e+02 5.090048584310077765e-04
9.690000000000000000e+02 5.091283944910202216e-04
9.700000000000000000e+02 5.092518336537324788e-04
9.710000000000000000e+02 5.093751760720806971e-04
9.720000000000000000e+02 5.094984218986431303e-04
9.730000000000000000e+02 5.096215712856413298e-04
9.740000000000000000e+02 5.097446243849406864e-04
9.750000000000000000e+02 5.098675813480515150e-04
9.760000000000000000e+02 5.099904423261311139e-04
9.770000000000000000e+02 5.101132074699839822e-04
9.780000000000000000e+02 5.102358769300623619e-04
9.790000000000000000e+02 5.103584508564690562e-04
9.800000000000000000e+02 5.104809293989564546e-04
9.810000000000000000e+02 5.106033127069293511e-04
9.820000000000000000e+02 5.107256009294447278e-04
9.830000000000000000e+02 5.108477942152134894e-04
9.840000000000000000e+02 5.109698927126010053e-04
9.850000000000000000e+02 5.110918965696291697e-04
9.860000000000000000e+02 5.112138059339761849e-04
9.870000000000000000e+02 5.113356209529781871e-04
9.880000000000000000e+02 5.114573417736306563e-04
9.890000000000000000e+02 5.115789685425884163e-04
9.900000000000000000e+02 5.117005014061674776e-04
9.910000000000000000e+02 5.118219405103463385e-04
9.920000000000000000e+02 5.119432860007658770e-04
9.930000000000000000e+02 5.120645380227314102e-04
9.940000000000000000e+02 5.121856967212132369e-04
9.950000000000000000e+02 5.123067622408473965e-04
9.960000000000000000e+02 5.124277347259374032e-04
9.970000000000000000e+02 5.125486143204547890e-04
9.980000000000000000e+02 5.126694011680397534e-04
9.990000000000000000e+02 5.127900954120030068e-04
