# 5 1000
# Pressure, Solidus temperature
# column * scaling factor should be SI units
# scaling factors (constant) for each column given on line below
# 1.0 1.0
0.000000000000000000e+00 1.380603810991651017e+03
1.000000000000000000e+09 1.497198157563196901e+03
2.000000000000000000e+09 1.635008519811019369e+03
3.000000000000000000e+09 1.758701322034861732e+03
4.000000000000000000e+09 1.864535035565017552e+03
5.000000000000000000e+09 1.951216814766440848e+03
6.000000000000000000e+09 2.020109731675961484e+03
7.000000000000000000e+09 2.074777228245194692e+03
8.000000000000000000e+09 2.118303435421465110e+03
9.000000000000000000e+09 2.153325071069661590e+03
1.000000000000000000e+10 2.182063836299907507e+03
1.100000000000000000e+10 2.207479621112091536e+03
1.200000000000000000e+10 2.231157475285802320e+03
1.300000000000000000e+10 2.253420576498673654e+03
1.400000000000000000e+10 2.274570500606517726e+03
1.500000000000000000e+10 2.294849094274812160e+03
1.600000000000000000e+10 2.314457587684772079e+03
1.700000000000000000e+10 2.333554778853327662e+03
1.800000000000000000e+10 2.352257848916565308e+03
1.900000000000000000e+10 2.370651534299421201e+03
2.000000000000000000e+10 2.388786914755924499e+03
2.100000000000000000e+10 2.406691082642400033e+03
2.200000000000000000e+10 2.424369062409238268e+03
2.300000000000000000e+10 2.441811781284449353e+03
2.400000000000000000e+10 2.459000933133366743e+03
2.500000000000000000e+10 2.475916113223605862e+03
2.600000000000000000e+10 2.492542129162602578e+03
2.700000000000000000e+10 2.508874491504824164e+03
2.800000000000000000e+10 2.524930250449320738e+03
2.900000000000000000e+10 2.540885582717719899e+03
3.000000000000000000e+10 2.556840906876260760e+03
3.100000000000000000e+10 2.572796224207333125e+03
3.200000000000000000e+10 2.588751540807048514e+03
3.300000000000000000e+10 2.604706865006293810e+03
3.400000000000000000e+10 2.620662187554496541e+03
3.500000000000000000e+10 2.636617508800334235e+03
3.600000000000000000e+10 2.652572833008458019e+03
3.700000000000000000e+10 2.668528158293107936e+03
3.800000000000000000e+10 2.684483483094426902e+03
3.900000000000000000e+10 2.700438808253530169e+03
4.000000000000000000e+10 2.716394134112687425e+03
4.100000000000000000e+10 2.732349459623030270e+03
4.200000000000000000e+10 2.748304785062945484e+03
4.300000000000000000e+10 2.764260111253138348e+03
4.400000000000000000e+10 2.780215437306707372e+03
4.500000000000000000e+10 2.796170763134507069e+03
4.600000000000000000e+10 2.812126089846230570e+03
4.700000000000000000e+10 2.828081417246514775e+03
4.800000000000000000e+10 2.844036744791240380e+03
4.900000000000000000e+10 2.859992071874070916e+03
5.000000000000000000e+10 2.875947397302238642e+03
5.100000000000000000e+10 2.891902720996576136e+03
5.200000000000000000e+10 2.907858043180207460e+03
5.300000000000000000e+10 2.923813364643211116e+03
5.400000000000000000e+10 2.939768687669065457e+03
5.500000000000000000e+10 2.955724012964727535e+03
5.600000000000000000e+10 2.971679336828836767e+03
5.700000000000000000e+10 2.987634659105142418e+03
5.800000000000000000e+10 3.003589980107271458e+03
5.900000000000000000e+10 3.019545302547569008e+03
6.000000000000000000e+10 3.035500627576657280e+03
6.100000000000000000e+10 3.051455951567203556e+03
6.200000000000000000e+10 3.067411274239618251e+03
6.300000000000000000e+10 3.083366595922701890e+03
6.400000000000000000e+10 3.099321919153662748e+03
6.500000000000000000e+10 3.115277244747728673e+03
6.600000000000000000e+10 3.131232569939267250e+03
6.700000000000000000e+10 3.147187894419801978e+03
6.800000000000000000e+10 3.163143218706109110e+03
6.900000000000000000e+10 3.179098544108432179e+03
7.000000000000000000e+10 3.195053871144084042e+03
7.100000000000000000e+10 3.211009197460840369e+03
7.200000000000000000e+10 3.226964522492142351e+03
7.300000000000000000e+10 3.242919846451366993e+03
7.400000000000000000e+10 3.258875170032387814e+03
7.500000000000000000e+10 3.274830493611306338e+03
7.600000000000000000e+10 3.290785815300627291e+03
7.700000000000000000e+10 3.306741134472225440e+03
7.800000000000000000e+10 3.322696451412201895e+03
7.900000000000000000e+10 3.338651766873459565e+03
8.000000000000000000e+10 3.354607081872206891e+03
8.100000000000000000e+10 3.370562395671989179e+03
8.200000000000000000e+10 3.386517708262075757e+03
8.300000000000000000e+10 3.402473019433878108e+03
8.400000000000000000e+10 3.418428331280139901e+03
8.500000000000000000e+10 3.434383645466307826e+03
8.600000000000000000e+10 3.450338961289405233e+03
8.700000000000000000e+10 3.466294279082556386e+03
8.800000000000000000e+10 3.482249599514637794e+03
8.900000000000000000e+10 3.498204923143261112e+03
9.000000000000000000e+10 3.514160251177226201e+03
9.100000000000000000e+10 3.530115584806769220e+03
9.200000000000000000e+10 3.546070923666919498e+03
9.300000000000000000e+10 3.562026263382545494e+03
9.400000000000000000e+10 3.577981602128398208e+03
9.500000000000000000e+10 3.593936939220505792e+03
9.600000000000000000e+10 3.609892274322037792e+03
9.700000000000000000e+10 3.625847607021785734e+03
9.800000000000000000e+10 3.641802937172747988e+03
9.900000000000000000e+10 3.657758263260624972e+03
1.000000000000000000e+11 3.673713584242852448e+03
1.010000000000000000e+11 3.689668901481049488e+03
1.020000000000000000e+11 3.705624216084323962e+03
1.030000000000000000e+11 3.721579529280257248e+03
1.040000000000000000e+11 3.737534842560583002e+03
1.050000000000000000e+11 3.753490157791467936e+03
1.060000000000000000e+11 3.769445475204914601e+03
1.070000000000000000e+11 3.785400795362819281e+03
1.080000000000000000e+11 3.801356119188154480e+03
1.090000000000000000e+11 3.817311446398033240e+03
1.100000000000000000e+11 3.833266776378791747e+03
1.110000000000000000e+11 3.849222108803781794e+03
1.120000000000000000e+11 3.865177443404661972e+03
1.130000000000000000e+11 3.881132778173896440e+03
1.140000000000000000e+11 3.897088111937336180e+03
1.150000000000000000e+11 3.913043443717264836e+03
1.160000000000000000e+11 3.928998772566184016e+03
1.170000000000000000e+11 3.944954097654026555e+03
1.180000000000000000e+11 3.960909419449505094e+03
1.190000000000000000e+11 3.976864739182440644e+03
1.200000000000000000e+11 3.992820056829777059e+03
1.210000000000000000e+11 4.008775373051083989e+03
1.220000000000000000e+11 4.024730688447552438e+03
1.230000000000000000e+11 4.040686003518026155e+03
1.240000000000000000e+11 4.056641318687524745e+03
1.250000000000000000e+11 4.072596635442204843e+03
1.260000000000000000e+11 4.088551954999191821e+03
1.270000000000000000e+11 4.104507277192665242e+03
1.280000000000000000e+11 4.120462601479113800e+03
1.290000000000000000e+11 4.136417927276473165e+03
1.300000000000000000e+11 4.152373253996142012e+03
1.310000000000000000e+11 4.168328581050556750e+03
1.320000000000000000e+11 4.184283907771141457e+03
1.330000000000000000e+11 4.200239233287665229e+03
1.340000000000000000e+11 4.216194556882785946e+03
1.350000000000000000e+11 4.232149877880732674e+03
1.360000000000000000e+11 4.248105196353464635e+03
1.370000000000000000e+11 4.264060513018356687e+03
1.380000000000000000e+11 4.280015828689664886e+03
1.390000000000000000e+11 4.295971144278144493e+03
1.400000000000000000e+11 4.311926461270168147e+03
1.410000000000000000e+11 4.327881781827478335e+03
1.420000000000000000e+11 4.343837104975592410e+03
1.430000000000000000e+11 4.359792430547296135e+03
1.440000000000000000e+11 4.375747759087168561e+03
1.450000000000000000e+11 4.391703090402712405e+03
1.460000000000000000e+11 4.407658423790179768e+03
1.470000000000000000e+11 4.423613758610834338e+03
1.480000000000000000e+11 4.439569094589523047e+03
1.490000000000000000e+11 4.455524431445939626e+03
1.500000000000000000e+11 4.471479769221287825e+03
1.510000000000000000e+11 4.487435106064120191e+03
1.520000000000000000e+11 4.503390440469592249e+03
1.530000000000000000e+11 4.519345771625330599e+03
1.540000000000000000e+11 4.535301099538225571e+03
1.550000000000000000e+11 4.551256424707781662e+03
1.560000000000000000e+11 4.567211747646826552e+03
1.570000000000000000e+11 4.583167069084119248e+03
1.580000000000000000e+11 4.599122389957795349e+03
1.590000000000000000e+11 4.615077711317653666e+03
1.600000000000000000e+11 4.631033032954815098e+03
1.610000000000000000e+11 4.646988354752147643e+03
1.620000000000000000e+11 4.662943677074510560e+03
1.630000000000000000e+11 4.678898999957899832e+03
1.640000000000000000e+11 4.694854323319857031e+03
1.650000000000000000e+11 4.710809647025794220e+03
1.660000000000000000e+11 4.726764970975376855e+03
1.670000000000000000e+11 4.742720295562648971e+03
1.680000000000000000e+11 4.758675621080159544e+03
1.690000000000000000e+11 4.774630946911011961e+03
1.700000000000000000e+11 4.790586272399877089e+03
1.710000000000000000e+11 4.806541597335207371e+03
1.720000000000000000e+11 4.822496921743267194e+03
1.730000000000000000e+11 4.838452245838141607e+03
1.740000000000000000e+11 4.854407570023251537e+03
1.750000000000000000e+11 4.870362894864342707e+03
1.760000000000000000e+11 4.886318220720831960e+03
1.770000000000000000e+11 4.902273547953437628e+03
1.780000000000000000e+11 4.918228876280797522e+03
1.790000000000000000e+11 4.934184205270680650e+03
1.800000000000000000e+11 4.950139534709924192e+03
1.810000000000000000e+11 4.966094863965040531e+03
1.820000000000000000e+11 4.982050192210359455e+03
1.830000000000000000e+11 4.998005519345578250e+03
1.840000000000000000e+11 5.013960845593052909e+03
1.850000000000000000e+11 5.029916170549144226e+03
1.860000000000000000e+11 5.045871493870699851e+03
1.870000000000000000e+11 5.061826814824054964e+03
1.880000000000000000e+11 5.077782132488588104e+03
1.890000000000000000e+11 5.093737446551696848e+03
1.900000000000000000e+11 5.109692757693231215e+03
1.910000000000000000e+11 5.125648066803802976e+03
1.920000000000000000e+11 5.141603375064699321e+03
1.930000000000000000e+11 5.157558683686692348e+03
1.940000000000000000e+11 5.173513994163461575e+03
1.950000000000000000e+11 5.189469307745079277e+03
1.960000000000000000e+11 5.205424625154369096e+03
1.970000000000000000e+11 5.221379946850901433e+03
1.980000000000000000e+11 5.237335273201618293e+03
1.990000000000000000e+11 5.253290603342185932e+03
2.000000000000000000e+11 5.269245936223464923e+03
2.010000000000000000e+11 5.285201270877999377e+03
2.020000000000000000e+11 5.301156606614369593e+03
2.030000000000000000e+11 5.317111942769050984e+03
2.040000000000000000e+11 5.333067278627737323e+03
2.050000000000000000e+11 5.349022613393106440e+03
2.060000000000000000e+11 5.364977946394528772e+03
2.070000000000000000e+11 5.380933277442415601e+03
2.080000000000000000e+11 5.396888606578307190e+03
2.090000000000000000e+11 5.412843933127971468e+03
2.100000000000000000e+11 5.428799257525329267e+03
2.110000000000000000e+11 5.444754580209189953e+03
2.120000000000000000e+11 5.460709901580164114e+03
2.130000000000000000e+11 5.476665222117611847e+03
2.140000000000000000e+11 5.492620542262499839e+03
2.150000000000000000e+11 5.508575862582793889e+03
2.160000000000000000e+11 5.524531183686453915e+03
2.170000000000000000e+11 5.540486505751236109e+03
2.180000000000000000e+11 5.556441828930564043e+03
2.190000000000000000e+11 5.572397153427305966e+03
2.200000000000000000e+11 5.588352479019673410e+03
2.210000000000000000e+11 5.604307804666018455e+03
2.220000000000000000e+11 5.620263130086452293e+03
2.230000000000000000e+11 5.636218454992352235e+03
2.240000000000000000e+11 5.652173779046815071e+03
2.250000000000000000e+11 5.668129102108843654e+03
2.260000000000000000e+11 5.684084424556625891e+03
2.270000000000000000e+11 5.700039746642077262e+03
2.280000000000000000e+11 5.715995068614972297e+03
2.290000000000000000e+11 5.731950390738327769e+03
2.300000000000000000e+11 5.747905713291645952e+03
2.310000000000000000e+11 5.763861036574954596e+03
2.320000000000000000e+11 5.779816360633079967e+03
2.330000000000000000e+11 5.795771684737720534e+03
2.340000000000000000e+11 5.811727008789486717e+03
2.350000000000000000e+11 5.827682332959325322e+03
2.360000000000000000e+11 5.843637657248940741e+03
2.370000000000000000e+11 5.859592981607609545e+03
2.380000000000000000e+11 5.875548305983610589e+03
2.390000000000000000e+11 5.891503630323693869e+03
2.400000000000000000e+11 5.907458954574462950e+03
2.410000000000000000e+11 5.923414278684144847e+03
2.420000000000000000e+11 5.939369602602713712e+03
2.430000000000000000e+11 5.955324926284086359e+03
2.440000000000000000e+11 5.971280249768386057e+03
2.450000000000000000e+11 5.987235572985394356e+03
2.460000000000000000e+11 6.003190896111054826e+03
2.470000000000000000e+11 6.019146219317461146e+03
2.480000000000000000e+11 6.035101542748981046e+03
2.490000000000000000e+11 6.051056866523877034e+03
2.500000000000000000e+11 6.067012190733452371e+03
2.510000000000000000e+11 6.082967515442516742e+03
2.520000000000000000e+11 6.098922840691498095e+03
2.530000000000000000e+11 6.114878166481877997e+03
2.540000000000000000e+11 6.130833492737842789e+03
2.550000000000000000e+11 6.146788819373950901e+03
2.560000000000000000e+11 6.162744146252693099e+03
2.570000000000000000e+11 6.178699472813145803e+03
2.580000000000000000e+11 6.194654799350237226e+03
2.590000000000000000e+11 6.210610125816706386e+03
2.600000000000000000e+11 6.226565452041601020e+03
2.610000000000000000e+11 6.242520777843682481e+03
2.620000000000000000e+11 6.258476103047060860e+03
2.630000000000000000e+11 6.274431427706412251e+03
2.640000000000000000e+11 6.290386752053610508e+03
2.650000000000000000e+11 6.306342076321688182e+03
2.660000000000000000e+11 6.322297400742901118e+03
2.670000000000000000e+11 6.338252725559164901e+03
2.680000000000000000e+11 6.354208050940457724e+03
2.690000000000000000e+11 6.370163376575498660e+03
2.700000000000000000e+11 6.386118702317474344e+03
2.710000000000000000e+11 6.402074028124812685e+03
2.720000000000000000e+11 6.418029354271297052e+03
2.730000000000000000e+11 6.433984680675788695e+03
2.740000000000000000e+11 6.449940006973365598e+03
2.750000000000000000e+11 6.465895332777661679e+03
2.760000000000000000e+11 6.481850657674374816e+03
2.770000000000000000e+11 6.497805981213607993e+03
2.780000000000000000e+11 6.513761302901406452e+03
2.790000000000000000e+11 6.529716622190481758e+03
2.800000000000000000e+11 6.545671938433762989e+03
2.810000000000000000e+11 6.561627250623299915e+03
2.820000000000000000e+11 6.577582558890538166e+03
2.830000000000000000e+11 6.593537864656926104e+03
2.840000000000000000e+11 6.609493169082968961e+03
2.850000000000000000e+11 6.625448473270378599e+03
2.860000000000000000e+11 6.641403778233985577e+03
2.870000000000000000e+11 6.657359084977190832e+03
2.880000000000000000e+11 6.673314394492212159e+03
2.890000000000000000e+11 6.689269707757094693e+03
2.900000000000000000e+11 6.705225025745979110e+03
2.910000000000000000e+11 6.721180349358320200e+03
2.920000000000000000e+11 6.737135678483499760e+03
2.930000000000000000e+11 6.753091012442740066e+03
2.940000000000000000e+11 6.769046350742794857e+03
2.950000000000000000e+11 6.785001692640899819e+03
2.960000000000000000e+11 6.800957037289447726e+03
2.970000000000000000e+11 6.816912383020819107e+03
2.980000000000000000e+11 6.832867728439945495e+03
2.990000000000000000e+11 6.848823072522669463e+03
3.000000000000000000e+11 6.864778414246178727e+03
3.010000000000000000e+11 6.880733752677040684e+03
3.020000000000000000e+11 6.896689087607552210e+03
3.030000000000000000e+11 6.912644419160308644e+03
3.040000000000000000e+11 6.928599747447860864e+03
3.050000000000000000e+11 6.944555072561861380e+03
3.060000000000000000e+11 6.960510394540973721e+03
3.070000000000000000e+11 6.976465713395818966e+03
3.080000000000000000e+11 6.992421029151051698e+03
3.090000000000000000e+11 7.008376341852399491e+03
3.100000000000000000e+11 7.024331651561811668e+03
3.110000000000000000e+11 7.040286958506009796e+03
3.120000000000000000e+11 7.056242263587510024e+03
3.130000000000000000e+11 7.072197567291097585e+03
3.140000000000000000e+11 7.088152869909326910e+03
3.150000000000000000e+11 7.104108172113977162e+03
3.160000000000000000e+11 7.120063474538296759e+03
3.170000000000000000e+11 7.136018777777915602e+03
3.180000000000000000e+11 7.151974082396213817e+03
3.190000000000000000e+11 7.167929389098311731e+03
3.200000000000000000e+11 7.183884698571900117e+03
3.210000000000000000e+11 7.199840011395679539e+03
3.220000000000000000e+11 7.215795327480979722e+03
3.230000000000000000e+11 7.231750646344296001e+03
3.240000000000000000e+11 7.247705967488363058e+03
3.250000000000000000e+11 7.263661290390853537e+03
3.260000000000000000e+11 7.279616614519984068e+03
3.270000000000000000e+11 7.295571939354927054e+03
3.280000000000000000e+11 7.311527264378072687e+03
3.290000000000000000e+11 7.327482588791410308e+03
3.300000000000000000e+11 7.343437911487689234e+03
3.310000000000000000e+11 7.359393231804378047e+03
3.320000000000000000e+11 7.375348550017244634e+03
3.330000000000000000e+11 7.391303866988463596e+03
3.340000000000000000e+11 7.407259183556178868e+03
3.350000000000000000e+11 7.423214500533395949e+03
3.360000000000000000e+11 7.439169818711312473e+03
3.370000000000000000e+11 7.455125138857392812e+03
3.380000000000000000e+11 7.471080461715763704e+03
3.390000000000000000e+11 7.487035788010099168e+03
3.400000000000000000e+11 7.502991118437949808e+03
3.410000000000000000e+11 7.518946453678433500e+03
3.420000000000000000e+11 7.534901794044543749e+03
3.430000000000000000e+11 7.550857138813084021e+03
3.440000000000000000e+11 7.566812487089360729e+03
3.450000000000000000e+11 7.582767837854015852e+03
3.460000000000000000e+11 7.598723189791288860e+03
3.470000000000000000e+11 7.614678541874435723e+03
3.480000000000000000e+11 7.630633893116499166e+03
3.490000000000000000e+11 7.646589242538537292e+03
3.500000000000000000e+11 7.662544588835198738e+03
3.510000000000000000e+11 7.678499930863360532e+03
3.520000000000000000e+11 7.694455267992650079e+03
3.530000000000000000e+11 7.710410600252654149e+03
3.540000000000000000e+11 7.726365928410559718e+03
3.550000000000000000e+11 7.742321253236002121e+03
3.560000000000000000e+11 7.758276575480160318e+03
3.570000000000000000e+11 7.774231895875642294e+03
3.580000000000000000e+11 7.790187215133993050e+03
3.590000000000000000e+11 7.806142533946368530e+03
3.600000000000000000e+11 7.822097852985055397e+03
3.610000000000000000e+11 7.838053172835996520e+03
3.620000000000000000e+11 7.854008493795441609e+03
3.630000000000000000e+11 7.869963816249364754e+03
3.640000000000000000e+11 7.885919140118101495e+03
3.650000000000000000e+11 7.901874465171914380e+03
3.660000000000000000e+11 7.917829791178055530e+03
3.670000000000000000e+11 7.933785117888011882e+03
3.680000000000000000e+11 7.949740445101052501e+03
3.690000000000000000e+11 7.965695772617509647e+03
3.700000000000000000e+11 7.981651100297987796e+03
3.710000000000000000e+11 7.997606427907522630e+03
3.720000000000000000e+11 8.013561755178730891e+03
3.730000000000000000e+11 8.029517081838563172e+03
3.740000000000000000e+11 8.045472407741037387e+03
3.750000000000000000e+11 8.061427733074493517e+03
3.760000000000000000e+11 8.077383058069504841e+03
3.770000000000000000e+11 8.093338382912062116e+03
3.780000000000000000e+11 8.109293707546207770e+03
3.790000000000000000e+11 8.125249032032435025e+03
3.800000000000000000e+11 8.141204356450210980e+03
3.810000000000000000e+11 8.157159680855702391e+03
3.820000000000000000e+11 8.173115005283037135e+03
3.830000000000000000e+11 8.189070329746823518e+03
3.840000000000000000e+11 8.205025654245155238e+03
3.850000000000000000e+11 8.220980978739522470e+03
3.860000000000000000e+11 8.236936303182677875e+03
3.870000000000000000e+11 8.252891627816012260e+03
3.880000000000000000e+11 8.268846952642696124e+03
3.890000000000000000e+11 8.284802277615757703e+03
3.900000000000000000e+11 8.300757602679645061e+03
3.910000000000000000e+11 8.316712927770311580e+03
3.920000000000000000e+11 8.332668252815290543e+03
3.930000000000000000e+11 8.348623577715534338e+03
3.940000000000000000e+11 8.364578902100240157e+03
3.950000000000000000e+11 8.380534225713488922e+03
3.960000000000000000e+11 8.396489548436107725e+03
3.970000000000000000e+11 8.412444870381235887e+03
3.980000000000000000e+11 8.428400191691374857e+03
3.990000000000000000e+11 8.444355512483605708e+03
4.000000000000000000e+11 8.460310832850462248e+03
4.010000000000000000e+11 8.476266152862935996e+03
4.020000000000000000e+11 8.492221472681592786e+03
4.030000000000000000e+11 8.508176792529638988e+03
4.040000000000000000e+11 8.524132112602988855e+03
4.050000000000000000e+11 8.540087433062375567e+03
4.060000000000000000e+11 8.556042754010084536e+03
4.070000000000000000e+11 8.571998075535502721e+03
4.080000000000000000e+11 8.587953397710778518e+03
4.090000000000000000e+11 8.603908720598064974e+03
4.100000000000000000e+11 8.619864044255249610e+03
4.110000000000000000e+11 8.635819368737114928e+03
4.120000000000000000e+11 8.651774694096544408e+03
4.130000000000000000e+11 8.667730020385792159e+03
4.140000000000000000e+11 8.683685347657712555e+03
4.150000000000000000e+11 8.699640675640250265e+03
4.160000000000000000e+11 8.715596003730483062e+03
4.170000000000000000e+11 8.731551331790233235e+03
4.180000000000000000e+11 8.747506659662105449e+03
4.190000000000000000e+11 8.763461987178347044e+03
4.200000000000000000e+11 8.779417314302492741e+03
4.210000000000000000e+11 8.795372641005194964e+03
4.220000000000000000e+11 8.811327967167530005e+03
4.230000000000000000e+11 8.827283292662206804e+03
4.240000000000000000e+11 8.843238617351960784e+03
4.250000000000000000e+11 8.859193941090496082e+03
4.260000000000000000e+11 8.875149263722018077e+03
4.270000000000000000e+11 8.891104585080638572e+03
4.280000000000000000e+11 8.907059904989166171e+03
4.290000000000000000e+11 8.923015223257552861e+03
4.300000000000000000e+11 8.938970539708318029e+03
4.310000000000000000e+11 8.954925854537064879e+03
4.320000000000000000e+11 8.970881168208883537e+03
4.330000000000000000e+11 8.986836481180940609e+03
4.340000000000000000e+11 9.002791793962023803e+03
4.350000000000000000e+11 9.018747107071552819e+03
4.360000000000000000e+11 9.034702420965080819e+03
4.370000000000000000e+11 9.050657735697648604e+03
4.380000000000000000e+11 9.066613051596299556e+03
4.390000000000000000e+11 9.082568369015112694e+03
4.400000000000000000e+11 9.098523688281982686e+03
4.410000000000000000e+11 9.114479009707640216e+03
4.420000000000000000e+11 9.130434333546494599e+03
4.430000000000000000e+11 9.146389659694657894e+03
4.440000000000000000e+11 9.162344987861644768e+03
4.450000000000000000e+11 9.178300317748102316e+03
4.460000000000000000e+11 9.194255649047929182e+03
4.470000000000000000e+11 9.210210981448735765e+03
4.480000000000000000e+11 9.226166314632393551e+03
4.490000000000000000e+11 9.242121648279280635e+03
4.500000000000000000e+11 9.258076982056563793e+03
4.510000000000000000e+11 9.274032315633759936e+03
4.520000000000000000e+11 9.289987648626316513e+03
4.530000000000000000e+11 9.305942980778138008e+03
4.540000000000000000e+11 9.321898311823497352e+03
4.550000000000000000e+11 9.337853641705660266e+03
4.560000000000000000e+11 9.353808970533806132e+03
4.570000000000000000e+11 9.369764298414844234e+03
4.580000000000000000e+11 9.385719625241232279e+03
4.590000000000000000e+11 9.401674950775846810e+03
4.600000000000000000e+11 9.417630275002164126e+03
4.610000000000000000e+11 9.433585597886649339e+03
4.620000000000000000e+11 9.449540919376267993e+03
4.630000000000000000e+11 9.465496239396721649e+03
4.640000000000000000e+11 9.481451557850718018e+03
4.650000000000000000e+11 9.497406874616048299e+03
4.660000000000000000e+11 9.513362189550289258e+03
4.670000000000000000e+11 9.529317502755400710e+03
4.680000000000000000e+11 9.545272814669026047e+03
4.690000000000000000e+11 9.561228125728495797e+03
4.700000000000000000e+11 9.577183436356284801e+03
4.710000000000000000e+11 9.593138746990669461e+03
4.720000000000000000e+11 9.609094058290213070e+03
4.730000000000000000e+11 9.625049370826229278e+03
4.740000000000000000e+11 9.641004685224126661e+03
4.750000000000000000e+11 9.656960002164683829e+03
4.760000000000000000e+11 9.672915322092372662e+03
4.770000000000000000e+11 9.688870645445827904e+03
4.780000000000000000e+11 9.704825972662585627e+03
4.790000000000000000e+11 9.720781304011899920e+03
4.800000000000000000e+11 9.736736638822076202e+03
4.810000000000000000e+11 9.752691976334248466e+03
4.820000000000000000e+11 9.768647315828382489e+03
4.830000000000000000e+11 9.784602656579070754e+03
4.840000000000000000e+11 9.800557997855137728e+03
4.850000000000000000e+11 9.816513338918934096e+03
4.860000000000000000e+11 9.832468679025023448e+03
4.870000000000000000e+11 9.848424017418292351e+03
4.880000000000000000e+11 9.864379353331396487e+03
4.890000000000000000e+11 9.880334685981346411e+03
4.900000000000000000e+11 9.896290014565083766e+03
4.910000000000000000e+11 9.912245338254919261e+03
4.920000000000000000e+11 9.928200656597306079e+03
4.930000000000000000e+11 9.944155970259889727e+03
4.940000000000000000e+11 9.960111280126940983e+03
4.950000000000000000e+11 9.976066587158349648e+03
4.960000000000000000e+11 9.992021892436445341e+03
4.970000000000000000e+11 1.000797719682557727e+04
4.980000000000000000e+11 1.002393250118217293e+04
4.990000000000000000e+11 1.003988780633589522e+04
5.000000000000000000e+11 1.005584311310021803e+04
5.010000000000000000e+11 1.007179842213876509e+04
5.020000000000000000e+11 1.008775373406759354e+04
5.030000000000000000e+11 1.010370904959692598e+04
5.040000000000000000e+11 1.011966436941734719e+04
5.050000000000000000e+11 1.013561969390780905e+04
5.060000000000000000e+11 1.015157502263737115e+04
5.070000000000000000e+11 1.016753035503747196e+04
5.080000000000000000e+11 1.018348569053734172e+04
5.090000000000000000e+11 1.019944102856396239e+04
5.100000000000000000e+11 1.021539636854152923e+04
5.110000000000000000e+11 1.023135170989055405e+04
5.120000000000000000e+11 1.024730705202611352e+04
5.130000000000000000e+11 1.026326239435378739e+04
5.140000000000000000e+11 1.027921773626883078e+04
5.150000000000000000e+11 1.029517307717075528e+04
5.160000000000000000e+11 1.031112841642178864e+04
5.170000000000000000e+11 1.032708375328486909e+04
5.180000000000000000e+11 1.034303908715809121e+04
5.190000000000000000e+11 1.035899441832464800e+04
5.200000000000000000e+11 1.037494974721723520e+04
5.210000000000000000e+11 1.039090507418446941e+04
5.220000000000000000e+11 1.040686039953537147e+04
5.230000000000000000e+11 1.042281572343450171e+04
5.240000000000000000e+11 1.043877104613899246e+04
5.250000000000000000e+11 1.045472636791031437e+04
5.260000000000000000e+11 1.047068168899500051e+04
5.270000000000000000e+11 1.048663700962445546e+04
5.280000000000000000e+11 1.050259233001471875e+04
5.290000000000000000e+11 1.051854765036666868e+04
5.300000000000000000e+11 1.053450297086616047e+04
5.310000000000000000e+11 1.055045829168346972e+04
5.320000000000000000e+11 1.056641361291241446e+04
5.330000000000000000e+11 1.058236893453894118e+04
5.340000000000000000e+11 1.059832425652881648e+04
5.350000000000000000e+11 1.061427957883197996e+04
5.360000000000000000e+11 1.063023490136563305e+04
5.370000000000000000e+11 1.064619022404203861e+04
5.380000000000000000e+11 1.066214554686619886e+04
5.390000000000000000e+11 1.067810086985934140e+04
5.400000000000000000e+11 1.069405619306263725e+04
5.410000000000000000e+11 1.071001151642986224e+04
5.420000000000000000e+11 1.072596683987069446e+04
5.430000000000000000e+11 1.074192216330043630e+04
5.440000000000000000e+11 1.075787748649124114e+04
5.450000000000000000e+11 1.077383280922595077e+04
5.460000000000000000e+11 1.078978813150351380e+04
5.470000000000000000e+11 1.080574345343959067e+04
5.480000000000000000e+11 1.082169877514216751e+04
5.490000000000000000e+11 1.083765409670658664e+04
5.500000000000000000e+11 1.085360941821547931e+04
5.510000000000000000e+11 1.086956473973906759e+04
5.520000000000000000e+11 1.088552006133544273e+04
5.530000000000000000e+11 1.090147538305099988e+04
5.540000000000000000e+11 1.091743070492126208e+04
5.550000000000000000e+11 1.093338602697156603e+04
5.560000000000000000e+11 1.094934134921831901e+04
5.570000000000000000e+11 1.096529667167038679e+04
5.580000000000000000e+11 1.098125199442545636e+04
5.590000000000000000e+11 1.099720731758682996e+04
5.600000000000000000e+11 1.101316264117375067e+04
5.610000000000000000e+11 1.102911796518685333e+04
5.620000000000000000e+11 1.104507328961639723e+04
5.630000000000000000e+11 1.106102861445270355e+04
5.640000000000000000e+11 1.107698393967834090e+04
5.650000000000000000e+11 1.109293926526909127e+04
5.660000000000000000e+11 1.110889459119666753e+04
5.670000000000000000e+11 1.112484991742842249e+04
5.680000000000000000e+11 1.114080524392742336e+04
5.690000000000000000e+11 1.115676057065259738e+04
5.700000000000000000e+11 1.117271589755900641e+04
5.710000000000000000e+11 1.118867122459767234e+04
5.720000000000000000e+11 1.120462655161660587e+04
5.730000000000000000e+11 1.122058187810965137e+04
5.740000000000000000e+11 1.123653720392177820e+04
5.750000000000000000e+11 1.125249252910484938e+04
5.760000000000000000e+11 1.126844785374894855e+04
5.770000000000000000e+11 1.128440317793187751e+04
5.780000000000000000e+11 1.130035850171887796e+04
5.790000000000000000e+11 1.131631382516289341e+04
5.800000000000000000e+11 1.133226914830470014e+04
5.810000000000000000e+11 1.134822447120204015e+04
5.820000000000000000e+11 1.136417979397062300e+04
5.830000000000000000e+11 1.138013511669752916e+04
5.840000000000000000e+11 1.139609043941847449e+04
5.850000000000000000e+11 1.141204576215766429e+04
5.860000000000000000e+11 1.142800108493049265e+04
5.870000000000000000e+11 1.144395640774407002e+04
5.880000000000000000e+11 1.145991173059683570e+04
5.890000000000000000e+11 1.147586705349713702e+04
5.900000000000000000e+11 1.149182237649043236e+04
5.910000000000000000e+11 1.150777769962165621e+04
5.920000000000000000e+11 1.152373302292889275e+04
5.930000000000000000e+11 1.153968834644323942e+04
5.940000000000000000e+11 1.155564367018915618e+04
5.950000000000000000e+11 1.157159899418431633e+04
5.960000000000000000e+11 1.158755431843978295e+04
5.970000000000000000e+11 1.160350964295992162e+04
5.980000000000000000e+11 1.161946496774193292e+04
5.990000000000000000e+11 1.163542029277538677e+04
6.000000000000000000e+11 1.165137561804193319e+04
6.010000000000000000e+11 1.166733094328863808e+04
6.020000000000000000e+11 1.168328626828822598e+04
6.030000000000000000e+11 1.169924159295610298e+04
6.040000000000000000e+11 1.171519691734977096e+04
6.050000000000000000e+11 1.173115224155389114e+04
6.060000000000000000e+11 1.174710756563735049e+04
6.070000000000000000e+11 1.176306288965923341e+04
6.080000000000000000e+11 1.177901821366848344e+04
6.090000000000000000e+11 1.179497353770389600e+04
6.100000000000000000e+11 1.181092886179404377e+04
6.110000000000000000e+11 1.182688418595714938e+04
6.120000000000000000e+11 1.184283951020109635e+04
6.130000000000000000e+11 1.185879483452351997e+04
6.140000000000000000e+11 1.187475015891185285e+04
6.150000000000000000e+11 1.189070548334367049e+04
6.160000000000000000e+11 1.190666080778696778e+04
6.170000000000000000e+11 1.192261613220052277e+04
6.180000000000000000e+11 1.193857145653463340e+04
6.190000000000000000e+11 1.195452678073425523e+04
6.200000000000000000e+11 1.197048210479559384e+04
6.210000000000000000e+11 1.198643742876581564e+04
6.220000000000000000e+11 1.200239275268816164e+04
6.230000000000000000e+11 1.201834807659907165e+04
6.240000000000000000e+11 1.203430340052735301e+04
6.250000000000000000e+11 1.205025872449315648e+04
6.260000000000000000e+11 1.206621404850727049e+04
6.270000000000000000e+11 1.208216937256652091e+04
6.280000000000000000e+11 1.209812469661856449e+04
6.290000000000000000e+11 1.211408002056734949e+04
6.300000000000000000e+11 1.213003534413298257e+04
6.310000000000000000e+11 1.214599066720721567e+04
6.320000000000000000e+11 1.216194598984155346e+04
6.330000000000000000e+11 1.217790131221763113e+04
6.340000000000000000e+11 1.219385663427373402e+04
6.350000000000000000e+11 1.220981195594859855e+04
6.360000000000000000e+11 1.222576727728128935e+04
6.370000000000000000e+11 1.224172259838756327e+04
6.380000000000000000e+11 1.225767791937565016e+04
6.390000000000000000e+11 1.227363324034338257e+04
6.400000000000000000e+11 1.228958856137807379e+04
6.410000000000000000e+11 1.230554388255627237e+04
6.420000000000000000e+11 1.232149920394360197e+04
6.430000000000000000e+11 1.233745452559474506e+04
6.440000000000000000e+11 1.235340984755338104e+04
6.450000000000000000e+11 1.236936516985241178e+04
6.460000000000000000e+11 1.238532049251412536e+04
6.470000000000000000e+11 1.240127581555052893e+04
6.480000000000000000e+11 1.241723113896395262e+04
6.490000000000000000e+11 1.243318646274767161e+04
6.500000000000000000e+11 1.244914178688675747e+04
6.510000000000000000e+11 1.246509711135928410e+04
6.520000000000000000e+11 1.248105243614755091e+04
6.530000000000000000e+11 1.249700776124935692e+04
6.540000000000000000e+11 1.251296308665917422e+04
6.550000000000000000e+11 1.252891841236698565e+04
6.560000000000000000e+11 1.254487373836044753e+04
6.570000000000000000e+11 1.256082906472219292e+04
6.580000000000000000e+11 1.257678439146854907e+04
6.590000000000000000e+11 1.259273971850031012e+04
6.600000000000000000e+11 1.260869504577226144e+04
6.610000000000000000e+11 1.262465037322765966e+04
6.620000000000000000e+11 1.264060570078531055e+04
6.630000000000000000e+11 1.265656102836351056e+04
6.640000000000000000e+11 1.267251635588196950e+04
6.650000000000000000e+11 1.268847168325432540e+04
6.660000000000000000e+11 1.270442701038745508e+04
6.670000000000000000e+11 1.272038233718160518e+04
6.680000000000000000e+11 1.273633766353269129e+04
6.690000000000000000e+11 1.275229298941537672e+04
6.700000000000000000e+11 1.276824831490297584e+04
6.710000000000000000e+11 1.278420364006734781e+04
6.720000000000000000e+11 1.280015896497187350e+04
6.730000000000000000e+11 1.281611428967158281e+04
6.740000000000000000e+11 1.283206961421292181e+04
6.750000000000000000e+11 1.284802493863376367e+04
6.760000000000000000e+11 1.286398026296326316e+04
6.770000000000000000e+11 1.287993558722182570e+04
6.780000000000000000e+11 1.289589091142106736e+04
6.790000000000000000e+11 1.291184623556369115e+04
6.800000000000000000e+11 1.292780155964340702e+04
6.810000000000000000e+11 1.294375688364497364e+04
6.820000000000000000e+11 1.295971220754454953e+04
6.830000000000000000e+11 1.297566753131003497e+04
6.840000000000000000e+11 1.299162285489606438e+04
6.850000000000000000e+11 1.300757817825225357e+04
6.860000000000000000e+11 1.302353350145784134e+04
6.870000000000000000e+11 1.303948882456757747e+04
6.880000000000000000e+11 1.305544414762912129e+04
6.890000000000000000e+11 1.307139947069268055e+04
6.900000000000000000e+11 1.308735479380062679e+04
6.910000000000000000e+11 1.310331011698735892e+04
6.920000000000000000e+11 1.311926544027819546e+04
6.930000000000000000e+11 1.313522076369174283e+04
6.940000000000000000e+11 1.315117608723924786e+04
6.950000000000000000e+11 1.316713141092429032e+04
6.960000000000000000e+11 1.318308673474296120e+04
6.970000000000000000e+11 1.319904205868372810e+04
6.980000000000000000e+11 1.321499738272740797e+04
6.990000000000000000e+11 1.323095270684720163e+04
7.000000000000000000e+11 1.324690803100864105e+04
7.010000000000000000e+11 1.326286335516955842e+04
7.020000000000000000e+11 1.327881867928006432e+04
7.030000000000000000e+11 1.329477400328299336e+04
7.040000000000000000e+11 1.331072932715479328e+04
7.050000000000000000e+11 1.332668465093632221e+04
7.060000000000000000e+11 1.334263997466776891e+04
7.070000000000000000e+11 1.335859529838184608e+04
7.080000000000000000e+11 1.337455062210359756e+04
7.090000000000000000e+11 1.339050594585007093e+04
7.100000000000000000e+11 1.340646126963103598e+04
7.110000000000000000e+11 1.342241659345323933e+04
7.120000000000000000e+11 1.343837191734025873e+04
7.130000000000000000e+11 1.345432724138653248e+04
7.140000000000000000e+11 1.347028256566729578e+04
7.150000000000000000e+11 1.348623789010283508e+04
7.160000000000000000e+11 1.350219321461879008e+04
7.170000000000000000e+11 1.351814853918772315e+04
7.180000000000000000e+11 1.353410386377350915e+04
7.190000000000000000e+11 1.355005918833294163e+04
7.200000000000000000e+11 1.356601451281587651e+04
7.210000000000000000e+11 1.358196983716526665e+04
7.220000000000000000e+11 1.359792516133300524e+04
7.230000000000000000e+11 1.361388048535008056e+04
7.240000000000000000e+11 1.362983580926953073e+04
7.250000000000000000e+11 1.364579113313785456e+04
7.260000000000000000e+11 1.366174645699498979e+04
7.270000000000000000e+11 1.367770178087438762e+04
7.280000000000000000e+11 1.369365710480296002e+04
7.290000000000000000e+11 1.370961242880106147e+04
7.300000000000000000e+11 1.372556775288243443e+04
7.310000000000000000e+11 1.374152307705425665e+04
7.320000000000000000e+11 1.375747840131693192e+04
7.330000000000000000e+11 1.377343372566418111e+04
7.340000000000000000e+11 1.378938905008266374e+04
7.350000000000000000e+11 1.380534437455137049e+04
7.360000000000000000e+11 1.382129969904138852e+04
7.370000000000000000e+11 1.383725502351723662e+04
7.380000000000000000e+11 1.385321034793699437e+04
7.390000000000000000e+11 1.386916567224767823e+04
7.400000000000000000e+11 1.388512099638742257e+04
7.410000000000000000e+11 1.390107632031431967e+04
7.420000000000000000e+11 1.391703164410412319e+04
7.430000000000000000e+11 1.393298696786919027e+04
7.440000000000000000e+11 1.394894229155950597e+04
7.450000000000000000e+11 1.396489761520751017e+04
7.460000000000000000e+11 1.398085293884764178e+04
7.470000000000000000e+11 1.399680826250767859e+04
7.480000000000000000e+11 1.401276358620888459e+04
7.490000000000000000e+11 1.402871890996592265e+04
7.500000000000000000e+11 1.404467423378684180e+04
7.510000000000000000e+11 1.406062955767312633e+04
7.520000000000000000e+11 1.407658488161962487e+04
7.530000000000000000e+11 1.409254020561462312e+04
7.540000000000000000e+11 1.410849552963978931e+04
7.550000000000000000e+11 1.412445085367024876e+04
7.560000000000000000e+11 1.414040617767463118e+04
7.570000000000000000e+11 1.415636150161507430e+04
7.580000000000000000e+11 1.417231682544735668e+04
7.590000000000000000e+11 1.418827214912092677e+04
7.600000000000000000e+11 1.420422747257938863e+04
7.610000000000000000e+11 1.422018279579551927e+04
7.620000000000000000e+11 1.423613811880397589e+04
7.630000000000000000e+11 1.425209344164137292e+04
7.640000000000000000e+11 1.426804876433523714e+04
7.650000000000000000e+11 1.428400408690382392e+04
7.660000000000000000e+11 1.429995940936024272e+04
7.670000000000000000e+11 1.431591473173908162e+04
7.680000000000000000e+11 1.433187005409344783e+04
7.690000000000000000e+11 1.434782537649957521e+04
7.700000000000000000e+11 1.436378069897654859e+04
7.710000000000000000e+11 1.437973602153138563e+04
7.720000000000000000e+11 1.439569134415797998e+04
7.730000000000000000e+11 1.441164666685410339e+04
7.740000000000000000e+11 1.442760198961380775e+04
7.750000000000000000e+11 1.444355731242671027e+04
7.760000000000000000e+11 1.445951263527817537e+04
7.770000000000000000e+11 1.447546795814928009e+04
7.780000000000000000e+11 1.449142328101704152e+04
7.790000000000000000e+11 1.450737860385445128e+04
7.800000000000000000e+11 1.452333392663035011e+04
7.810000000000000000e+11 1.453928924917716358e+04
7.820000000000000000e+11 1.455524457134359909e+04
7.830000000000000000e+11 1.457119989319842534e+04
7.840000000000000000e+11 1.458715521480502321e+04
7.850000000000000000e+11 1.460311053621999781e+04
7.860000000000000000e+11 1.461906585749318583e+04
7.870000000000000000e+11 1.463502117866769186e+04
7.880000000000000000e+11 1.465097649977970650e+04
7.890000000000000000e+11 1.466693182085854824e+04
7.900000000000000000e+11 1.468288714192163388e+04
7.910000000000000000e+11 1.469884246297560276e+04
7.920000000000000000e+11 1.471479778403034652e+04
7.930000000000000000e+11 1.473075310515516685e+04
7.940000000000000000e+11 1.474670842639418333e+04
7.950000000000000000e+11 1.476266374777270357e+04
7.960000000000000000e+11 1.477861906933300997e+04
7.970000000000000000e+11 1.479457439107977916e+04
7.980000000000000000e+11 1.481052971299958699e+04
7.990000000000000000e+11 1.482648503507981695e+04
8.000000000000000000e+11 1.484244035730269752e+04
8.010000000000000000e+11 1.485839567964477101e+04
8.020000000000000000e+11 1.487435100208190124e+04
8.030000000000000000e+11 1.489030632463495203e+04
8.040000000000000000e+11 1.490626164734465419e+04
8.050000000000000000e+11 1.492221697024612513e+04
8.060000000000000000e+11 1.493817229336870514e+04
8.070000000000000000e+11 1.495412761673594105e+04
8.080000000000000000e+11 1.497008294036571715e+04
8.090000000000000000e+11 1.498603826427014064e+04
8.100000000000000000e+11 1.500199358845567076e+04
8.110000000000000000e+11 1.501794891292307329e+04
8.120000000000000000e+11 1.503390423766762979e+04
8.130000000000000000e+11 1.504985956267905385e+04
8.140000000000000000e+11 1.506581488794156576e+04
8.150000000000000000e+11 1.508177021343402339e+04
8.160000000000000000e+11 1.509772553912992043e+04
8.170000000000000000e+11 1.511368086499770106e+04
8.180000000000000000e+11 1.512963619099743664e+04
8.190000000000000000e+11 1.514559151693112835e+04
8.200000000000000000e+11 1.516154684264527896e+04
8.210000000000000000e+11 1.517750216805963646e+04
8.220000000000000000e+11 1.519345749308784252e+04
8.230000000000000000e+11 1.520941281763748339e+04
8.240000000000000000e+11 1.522536814162325754e+04
8.250000000000000000e+11 1.524132346505810710e+04
8.260000000000000000e+11 1.525727878799842074e+04
8.270000000000000000e+11 1.527323411050144932e+04
8.280000000000000000e+11 1.528918943282970577e+04
8.290000000000000000e+11 1.530514475516561106e+04
8.300000000000000000e+11 1.532110007757822495e+04
8.310000000000000000e+11 1.533705540009664946e+04
8.320000000000000000e+11 1.535301072276501327e+04
8.330000000000000000e+11 1.536896604562889661e+04
8.340000000000000000e+11 1.538492136873876370e+04
8.350000000000000000e+11 1.540087669213413392e+04
8.360000000000000000e+11 1.541683201584431299e+04
8.370000000000000000e+11 1.543278733989585089e+04
8.380000000000000000e+11 1.544874266431049546e+04
8.390000000000000000e+11 1.546469798910576901e+04
8.400000000000000000e+11 1.548065331429390608e+04
8.410000000000000000e+11 1.549660863988202436e+04
8.420000000000000000e+11 1.551256396587249037e+04
8.430000000000000000e+11 1.552851929226286848e+04
8.440000000000000000e+11 1.554447461904596821e+04
8.450000000000000000e+11 1.556042994620988793e+04
8.460000000000000000e+11 1.557638527373809302e+04
8.470000000000000000e+11 1.559234060160931585e+04
8.480000000000000000e+11 1.560829592979781773e+04
8.490000000000000000e+11 1.562425125827315242e+04
8.500000000000000000e+11 1.564020658700043896e+04
8.510000000000000000e+11 1.565616191594020711e+04
8.520000000000000000e+11 1.567211724504851190e+04
8.530000000000000000e+11 1.568807257427692457e+04
8.540000000000000000e+11 1.570402790357253980e+04
8.550000000000000000e+11 1.571998323287807580e+04
8.560000000000000000e+11 1.573593856211562525e+04
8.570000000000000000e+11 1.575189389107029456e+04
8.580000000000000000e+11 1.576784921961730470e+04
8.590000000000000000e+11 1.578380454765807917e+04
8.600000000000000000e+11 1.579975987508824801e+04
8.610000000000000000e+11 1.581571520179761501e+04
8.620000000000000000e+11 1.583167052767014138e+04
8.630000000000000000e+11 1.584762585258380568e+04
8.640000000000000000e+11 1.586358117641053104e+04
8.650000000000000000e+11 1.587953649901362769e+04
8.660000000000000000e+11 1.589549182029445001e+04
8.670000000000000000e+11 1.591144714022396329e+04
8.680000000000000000e+11 1.592740245870733452e+04
8.690000000000000000e+11 1.594335777562706244e+04
8.700000000000000000e+11 1.595931309084530039e+04
8.710000000000000000e+11 1.596362903232227654e+04
8.720000000000000000e+11 1.596700807204892953e+04
8.730000000000000000e+11 1.597038215156367914e+04
8.740000000000000000e+11 1.597375128310153559e+04
8.750000000000000000e+11 1.597711547885505024e+04
8.760000000000000000e+11 1.598047475097453207e+04
8.770000000000000000e+11 1.598382911156816954e+04
8.780000000000000000e+11 1.598717857270233435e+04
8.790000000000000000e+11 1.599052314640167242e+04
8.800000000000000000e+11 1.599386284464933669e+04
8.810000000000000000e+11 1.599719767938719633e+04
8.820000000000000000e+11 1.600052766251597131e+04
8.830000000000000000e+11 1.600385280589547256e+04
8.840000000000000000e+11 1.600717312134472377e+04
8.850000000000000000e+11 1.601048862064223431e+04
8.860000000000000000e+11 1.601379931552608650e+04
8.870000000000000000e+11 1.601710521769419029e+04
8.880000000000000000e+11 1.602040633880441601e+04
8.890000000000000000e+11 1.602370269047484726e+04
8.900000000000000000e+11 1.602699428428383180e+04
8.910000000000000000e+11 1.603028113177027262e+04
8.920000000000000000e+11 1.603356324443379344e+04
8.930000000000000000e+11 1.603684063373485515e+04
8.940000000000000000e+11 1.604011331106528451e+04
8.950000000000000000e+11 1.604338128770160984e+04
8.960000000000000000e+11 1.604664457496461910e+04
8.970000000000000000e+11 1.604990318414350259e+04
8.980000000000000000e+11 1.605315712648830413e+04
8.990000000000000000e+11 1.605640641321008479e+04
9.000000000000000000e+11 1.605965105548103020e+04
9.010000000000000000e+11 1.606289106443463243e+04
9.020000000000000000e+11 1.606612645116578096e+04
9.030000000000000000e+11 1.606935722673098098e+04
9.040000000000000000e+11 1.607258340219809725e+04
9.050000000000000000e+11 1.607580498866611561e+04
9.060000000000000000e+11 1.607902199709964225e+04
9.070000000000000000e+11 1.608223443842262350e+04
9.080000000000000000e+11 1.608544232352232575e+04
9.090000000000000000e+11 1.608864566324946645e+04
9.100000000000000000e+11 1.609184446841844147e+04
9.110000000000000000e+11 1.609503874980737055e+04
9.120000000000000000e+11 1.609822851815837021e+04
9.130000000000000000e+11 1.610141378417764463e+04
9.140000000000000000e+11 1.610459455853568215e+04
9.150000000000000000e+11 1.610777085186737349e+04
9.160000000000000000e+11 1.611094267477220637e+04
9.170000000000000000e+11 1.611411003781439649e+04
9.180000000000000000e+11 1.611727295152304760e+04
9.190000000000000000e+11 1.612043142639231155e+04
9.200000000000000000e+11 1.612358547288153386e+04
9.210000000000000000e+11 1.612673510141542283e+04
9.220000000000000000e+11 1.612988032238416599e+04
9.230000000000000000e+11 1.613302114614360471e+04
9.240000000000000000e+11 1.613615758301539063e+04
9.250000000000000000e+11 1.613928964328710754e+04
9.260000000000000000e+11 1.614241733721246419e+04
9.270000000000000000e+11 1.614554067501137251e+04
9.280000000000000000e+11 1.614865966687016589e+04
9.290000000000000000e+11 1.615177432294169193e+04
9.300000000000000000e+11 1.615488465334548710e+04
9.310000000000000000e+11 1.615799066816791856e+04
9.320000000000000000e+11 1.616109237742064033e+04
9.330000000000000000e+11 1.616418979105791732e+04
9.340000000000000000e+11 1.616728291905537480e+04
9.350000000000000000e+11 1.617037177135577076e+04
9.360000000000000000e+11 1.617345635786880848e+04
9.370000000000000000e+11 1.617653668847112567e+04
9.380000000000000000e+11 1.617961277300653092e+04
9.390000000000000000e+11 1.618268462128605643e+04
9.400000000000000000e+11 1.618575224308806355e+04
9.410000000000000000e+11 1.618881564815983438e+04
9.420000000000000000e+11 1.619187484629009305e+04
9.430000000000000000e+11 1.619492984721250468e+04
9.440000000000000000e+11 1.619798066058985387e+04
9.450000000000000000e+11 1.620102729605362765e+04
9.460000000000000000e+11 1.620406976320407921e+04
9.470000000000000000e+11 1.620710807161045523e+04
9.480000000000000000e+11 1.621014223081106320e+04
9.490000000000000000e+11 1.621317225031339331e+04
9.500000000000000000e+11 1.621619813959431485e+04
9.510000000000000000e+11 1.621921990810013085e+04
9.520000000000000000e+11 1.622223756524676173e+04
9.530000000000000000e+11 1.622525112041984903e+04
9.540000000000000000e+11 1.622826058297489544e+04
9.550000000000000000e+11 1.623126596223739216e+04
9.560000000000000000e+11 1.623426726750289163e+04
9.570000000000000000e+11 1.623726450803725129e+04
9.580000000000000000e+11 1.624025769307662995e+04
9.590000000000000000e+11 1.624324683182768604e+04
9.600000000000000000e+11 1.624623193346771222e+04
9.610000000000000000e+11 1.624921300714469726e+04
9.620000000000000000e+11 1.625219006197748604e+04
9.630000000000000000e+11 1.625516310705592514e+04
9.640000000000000000e+11 1.625813215144093556e+04
9.650000000000000000e+11 1.626109720416465279e+04
9.660000000000000000e+11 1.626405827423055962e+04
9.670000000000000000e+11 1.626701537061358431e+04
9.680000000000000000e+11 1.626996850226023707e+04
9.690000000000000000e+11 1.627291767808785517e+04
9.700000000000000000e+11 1.627586290693799492e+04
9.710000000000000000e+11 1.627880419763866485e+04
9.720000000000000000e+11 1.628174155901499944e+04
9.730000000000000000e+11 1.628467499986380062e+04
9.740000000000000000e+11 1.628760452895365779e+04
9.750000000000000000e+11 1.629053015502507697e+04
9.760000000000000000e+11 1.629345188679048260e+04
9.770000000000000000e+11 1.629636973293443953e+04
9.780000000000000000e+11 1.629928370211366018e+04
9.790000000000000000e+11 1.630219380296940653e+04
9.800000000000000000e+11 1.630510004417237724e+04
9.810000000000000000e+11 1.630800243431570561e+04
9.820000000000000000e+11 1.631090098195641622e+04
9.830000000000000000e+11 1.631379569562470351e+04
9.840000000000000000e+11 1.631668658382414651e+04
9.850000000000000000e+11 1.631957365503172696e+04
9.860000000000000000e+11 1.632245691769801488e+04
9.870000000000000000e+11 1.632533638024722677e+04
9.880000000000000000e+11 1.632821205107734204e+04
9.890000000000000000e+11 1.633108393856021939e+04
9.900000000000000000e+11 1.633395205104170782e+04
9.910000000000000000e+11 1.633681639684175025e+04
9.920000000000000000e+11 1.633967698425445269e+04
9.930000000000000000e+11 1.634253382154825704e+04
9.940000000000000000e+11 1.634538691696598289e+04
9.950000000000000000e+11 1.634823627872496400e+04
9.960000000000000000e+11 1.635108191501714828e+04
9.970000000000000000e+11 1.635392383400919061e+04
9.980000000000000000e+11 1.635676204384256198e+04
9.990000000000000000e+11 1.635959655263364039e+04
