# 5 301
# Pressure, Entropy, Quantity
# column * scaling factor should be SI units
# scaling factors (constant) for each column given on line below
# 55692628932.82327 2993.025100070677
0.000000000000000000e+00 5.372640230570070452e-01
8.977848767080154682e-03 5.426919448916160960e-01
1.795569753416030936e-02 5.479126432108716305e-01
2.693354630124046578e-02 5.529549433868282682e-01
3.591139506832061873e-02 5.578430820075236385e-01
4.488924383540077861e-02 5.625899826893544509e-01
5.386709260248093156e-02 5.671940136851681968e-01
6.284494136956109145e-02 5.716624926998671308e-01
7.182279013664123746e-02 5.760001657642646045e-01
8.080063890372139734e-02 5.802144471527997949e-01
8.977848767080155723e-02 5.843112598450070916e-01
9.875633643788170324e-02 5.882949901589442643e-01
1.077341852049618631e-01 5.921691736084244706e-01
1.167120339720420230e-01 5.959383717420669857e-01
1.256898827391221829e-01 5.996074003734852553e-01
1.346677315062023150e-01 6.031775669177458221e-01
1.436455802732824749e-01 6.066511038675206358e-01
1.526234290403626348e-01 6.100298461350123214e-01
1.616012778074427947e-01 6.133161002862003164e-01
1.705791265745229546e-01 6.165089537165551192e-01
1.795569753416031145e-01 6.196074784013879677e-01
1.885348241086832466e-01 6.226112925231871431e-01
1.975126728757634065e-01 6.255187542435590720e-01
2.064905216428435664e-01 6.283270355716263911e-01
2.154683704099237262e-01 6.310315185370537483e-01
2.244462191770038861e-01 6.336291035968540930e-01
2.334240679440840460e-01 6.361149444600550096e-01
2.424019167111641782e-01 6.384837785351799022e-01
2.513797654782443658e-01 6.407297423220624788e-01
2.603576142453244979e-01 6.428471043476607916e-01
2.693354630124046301e-01 6.448314422966587856e-01
2.783133117794848177e-01 6.466774273275277540e-01
2.872911605465649498e-01 6.483802471313803162e-01
2.962690093136451375e-01 6.499372385175813394e-01
3.052468580807252696e-01 6.513476170310559255e-01
3.142247068478054572e-01 6.526108486468060743e-01
3.232025556148855894e-01 6.537282201205976140e-01
3.321804043819657215e-01 6.547035969542351896e-01
3.411582531490459091e-01 6.555430102357016064e-01
3.501361019161260413e-01 6.562533540835706614e-01
3.591139506832062289e-01 6.568426769212269978e-01
3.680917994502863611e-01 6.573214650524904501e-01
3.770696482173664932e-01 6.577007659917605276e-01
3.860474969844466808e-01 6.579916433485005767e-01
3.950253457515268130e-01 6.582053037199040446e-01
4.040031945186070006e-01 6.583533196200324067e-01
4.129810432856871327e-01 6.584469993055063197e-01
4.219588920527673204e-01 6.584963650487537512e-01
4.309367408198474525e-01 6.585105385566232261e-01
4.399145895869275846e-01 6.584982207336487203e-01
4.488924383540077723e-01 6.584672425258364381e-01
4.578702871210879044e-01 6.584238290513305669e-01
4.668481358881680920e-01 6.583731825487116884e-01
4.758259846552482242e-01 6.583200437749885392e-01
4.848038334223283563e-01 6.582684119625888952e-01
4.937816821894085439e-01 6.582210175361308258e-01
5.027595309564887316e-01 6.581798442007481542e-01
5.117373797235688082e-01 6.581467551061832566e-01
5.207152284906489959e-01 6.581231818010661039e-01
5.296930772577291835e-01 6.581097462533432862e-01
5.386709260248092601e-01 6.581066244256781328e-01
5.476487747918894478e-01 6.581141701069125327e-01
5.566266235589696354e-01 6.581325597989940990e-01
5.656044723260498230e-01 6.581614589741916488e-01
5.745823210931298997e-01 6.582002986215337303e-01
5.835601698602100873e-01 6.582488287482705092e-01
5.925380186272902749e-01 6.583068062461193692e-01
6.015158673943703516e-01 6.583735806713529870e-01
6.104937161614505392e-01 6.584484079459494987e-01
6.194715649285307268e-01 6.585309022825889258e-01
6.284494136956109145e-01 6.586207810152286957e-01
6.374272624626909911e-01 6.587173601953677515e-01
6.464051112297711787e-01 6.588199491943889097e-01
6.553829599968513664e-01 6.589282530367367441e-01
6.643608087639314430e-01 6.590420234314705583e-01
6.733386575310116307e-01 6.591606584149949377e-01
6.823165062980918183e-01 6.592836084209182657e-01
6.912943550651720059e-01 6.594107088245940718e-01
7.002722038322520826e-01 6.595417648732038174e-01
7.092500525993322702e-01 6.596762838352213665e-01
7.182279013664124578e-01 6.598139205286779330e-01
7.272057501334925345e-01 6.599544928289509116e-01
7.361835989005727221e-01 6.600979380513278816e-01
7.451614476676529097e-01 6.602439141170431958e-01
7.541392964347329864e-01 6.603920884133555047e-01
7.631171452018131740e-01 6.605423508947811939e-01
7.720949939688933616e-01 6.606947443362003458e-01
7.810728427359735493e-01 6.608491160236420470e-01
7.900506915030536259e-01 6.610049169462598462e-01
7.990285402701338136e-01 6.611622800393398558e-01
8.080063890372140012e-01 6.613213032807586655e-01
8.169842378042940778e-01 6.614818538752412769e-01
8.259620865713742655e-01 6.616433718051304425e-01
8.349399353384544531e-01 6.618060869050751416e-01
8.439177841055346407e-01 6.619702059895175017e-01
8.528956328726147174e-01 6.621353931689188954e-01
8.618734816396949050e-01 6.623013424277525152e-01
8.708513304067750926e-01 6.624682342197708573e-01
8.798291791738551693e-01 6.626363482064334676e-01
8.888070279409353569e-01 6.628051862234227709e-01
8.977848767080155445e-01 6.629746899870494481e-01
9.067627254750957322e-01 6.631449808692763126e-01
9.157405742421758088e-01 6.633162522702078512e-01
9.247184230092559964e-01 6.634881302097846989e-01
9.336962717763361841e-01 6.636605883293786867e-01
9.426741205434162607e-01 6.638337471258523026e-01
9.516519693104964484e-01 6.640076047139129578e-01
9.606298180775766360e-01 6.641820906208341091e-01
9.696076668446567126e-01 6.643570765845879800e-01
9.785855156117369003e-01 6.645326273535143713e-01
9.875633643788170879e-01 6.647088246212550233e-01
9.965412131458972755e-01 6.648855788706029557e-01
1.005519061912977463e+00 6.650627596154214949e-01
1.014496910680057651e+00 6.652404428392689750e-01
1.023474759447137616e+00 6.654187075358146686e-01
1.032452608214217804e+00 6.655974339393487815e-01
1.041430456981297992e+00 6.657765556514296801e-01
1.050408305748378179e+00 6.659561235634309240e-01
1.059386154515458367e+00 6.661362162992082725e-01
1.068364003282538555e+00 6.663167526928116535e-01
1.077341852049618520e+00 6.664976607181973822e-01
1.086319700816698708e+00 6.666789321948710656e-01
1.095297549583778896e+00 6.668606988391272417e-01
1.104275398350859083e+00 6.670430036666114004e-01
1.113253247117939271e+00 6.672254876059290352e-01
1.122231095885019458e+00 6.674083447949952230e-01
1.131208944652099646e+00 6.675917179388932698e-01
1.140186793419179612e+00 6.677755901270157057e-01
1.149164642186259799e+00 6.679595860631640791e-01
1.158142490953339987e+00 6.681439432113011057e-01
1.167120339720420175e+00 6.683288968919550710e-01
1.176098188487500362e+00 6.685141460331230912e-01
1.185076037254580550e+00 6.686995992998817639e-01
1.194053886021660738e+00 6.688854001959246842e-01
1.203031734788740703e+00 6.690717908704746364e-01
1.212009583555820891e+00 6.692583869278401210e-01
1.220987432322901078e+00 6.694452452419665800e-01
1.229965281089981266e+00 6.696324768436441310e-01
1.238943129857061454e+00 6.698201339240138497e-01
1.247920978624141641e+00 6.700080844216798059e-01
1.256898827391221829e+00 6.701963066503848765e-01
1.265876676158301795e+00 6.703848770488916031e-01
1.274854524925381982e+00 6.705738050097542757e-01
1.283832373692462170e+00 6.707630758867551002e-01
1.292810222459542357e+00 6.709526113697594774e-01
1.301788071226622545e+00 6.711424606812097515e-01
1.310765919993702733e+00 6.713326875929515047e-01
1.319743768760782920e+00 6.715232152404609911e-01
1.328721617527862886e+00 6.717139980491824147e-01
1.337699466294943074e+00 6.719050828779367102e-01
1.346677315062023261e+00 6.720965220908264870e-01
1.355655163829103449e+00 6.722882645195047413e-01
1.364633012596183637e+00 6.724802915915765178e-01
1.373610861363263824e+00 6.726725683749884555e-01
1.382588710130344012e+00 6.728651980689146495e-01
1.391566558897423977e+00 6.730582509739050368e-01
1.400544407664504165e+00 6.732514284890861456e-01
1.409522256431584353e+00 6.734448900311159614e-01
1.418500105198664540e+00 6.736387473390985647e-01
1.427477953965744728e+00 6.738330196388249149e-01
1.436455802732824916e+00 6.740273773740508290e-01
1.445433651499904881e+00 6.742220296783143496e-01
1.454411500266985069e+00 6.744171814293540290e-01
1.463389349034065257e+00 6.746125635585885627e-01
1.472367197801145444e+00 6.748081314895758576e-01
1.481345046568225632e+00 6.750039999914350108e-01
1.490322895335305819e+00 6.752003727083283335e-01
1.499300744102386007e+00 6.753969150359773188e-01
1.508278592869465973e+00 6.755937108078344799e-01
1.517256441636546160e+00 6.757908522084351555e-01
1.526234290403626348e+00 6.759883393384761296e-01
1.535212139170706536e+00 6.761861102857342765e-01
1.544189987937786723e+00 6.763841506555531291e-01
1.553167836704866911e+00 6.765825096528508276e-01
1.562145685471947099e+00 6.767812035963540751e-01
1.571123534239027064e+00 6.769802186488431683e-01
1.580101383006107252e+00 6.771795036083531061e-01
1.589079231773187439e+00 6.773790940425773455e-01
1.598057080540267627e+00 6.775790275148751984e-01
1.607034929307347815e+00 6.777792554606792974e-01
1.616012778074428002e+00 6.779797755887730926e-01
1.624990626841508190e+00 6.781805822332999112e-01
1.633968475608588156e+00 6.783817306706578787e-01
1.642946324375668343e+00 6.785832319703569704e-01
1.651924173142748531e+00 6.787849923038583588e-01
1.660902021909828719e+00 6.789870262008880220e-01
1.669879870676908906e+00 6.791894205627301284e-01
1.678857719443989094e+00 6.793922697049910031e-01
1.687835568211069281e+00 6.795952485797338571e-01
1.696813416978149247e+00 6.797985440405176494e-01
1.705791265745229435e+00 6.800022831107273014e-01
1.714769114512309622e+00 6.802063829815877538e-01
1.723746963279389810e+00 6.804106575183780370e-01
1.732724812046469998e+00 6.806152565742171756e-01
1.741702660813550185e+00 6.808203848598992636e-01
1.750680509580630373e+00 6.810257215640419526e-01
1.759658358347710339e+00 6.812313400952116904e-01
1.768636207114790526e+00 6.814373155995688824e-01
1.777614055881870714e+00 6.816437354156191786e-01
1.786591904648950901e+00 6.818504205847722988e-01
1.795569753416031089e+00 6.820574252218511990e-01
1.804547602183111277e+00 6.822648103090438454e-01
1.813525450950191464e+00 6.824725393472730328e-01
1.822503299717271430e+00 6.826806333875545807e-01
1.831481148484351618e+00 6.828890554414370762e-01
1.840458997251431805e+00 6.830978315223770192e-01
1.849436846018511993e+00 6.833069923204333485e-01
1.858414694785592181e+00 6.835164980542437485e-01
1.867392543552672368e+00 6.837263382577229986e-01
1.876370392319752334e+00 6.839365243813839701e-01
1.885348241086832521e+00 6.841470905430114824e-01
1.894326089853912709e+00 6.843580354405474075e-01
1.903303938620992897e+00 6.845693298705860519e-01
1.912281787388073084e+00 6.847809448311834579e-01
1.921259636155153272e+00 6.849929557142072634e-01
1.930237484922233460e+00 6.852054659600960163e-01
1.939215333689313425e+00 6.854181846947847712e-01
1.948193182456393613e+00 6.856312741779914122e-01
1.957171031223473801e+00 6.858448370522977067e-01
1.966148879990553988e+00 6.860588319638304400e-01
1.975126728757634176e+00 6.862730659145093171e-01
1.984104577524714363e+00 6.864876825535116689e-01
1.993082426291794551e+00 6.867028687888805383e-01
2.002060275058874517e+00 6.869183285968250008e-01
2.011038123825954926e+00 6.871341401219573930e-01
2.020015972593034892e+00 6.873503694049599710e-01
2.028993821360115302e+00 6.875670882221440738e-01
2.037971670127195267e+00 6.877841394803839714e-01
2.046949518894275233e+00 6.880015807778573356e-01
2.055927367661355643e+00 6.882194602933988659e-01
2.064905216428435608e+00 6.884377449185498099e-01
2.073883065195516018e+00 6.886564559303813837e-01
2.082860913962595983e+00 6.888755654596495637e-01
2.091838762729675949e+00 6.890950927214667399e-01
2.100816611496756359e+00 6.893150552462818936e-01
2.109794460263836324e+00 6.895354257763735006e-01
2.118772309030916734e+00 6.897562121879355912e-01
2.127750157797996700e+00 6.899774011188805067e-01
2.136728006565077109e+00 6.901990284433179301e-01
2.145705855332157075e+00 6.904211295333847476e-01
2.154683704099237040e+00 6.906436136506028944e-01
2.163661552866317450e+00 6.908664981519927473e-01
2.172639401633397416e+00 6.910898482034525392e-01
2.181617250400477825e+00 6.913137605377255301e-01
2.190595099167557791e+00 6.915379503458402022e-01
2.199572947934638201e+00 6.917625827886585421e-01
2.208550796701718166e+00 6.919877872650272987e-01
2.217528645468798132e+00 6.922134142228160147e-01
2.226506494235878542e+00 6.924394037586579786e-01
2.235484343002958507e+00 6.926658484851848652e-01
2.244462191770038917e+00 6.928929072495194630e-01
2.253440040537118882e+00 6.931203077261959278e-01
2.262417889304199292e+00 6.933481559516107007e-01
2.271395738071279258e+00 6.935765135635465484e-01
2.280373586838359223e+00 6.938053429380652837e-01
2.289351435605439633e+00 6.940346360722876584e-01
2.298329284372519599e+00 6.942643951461007212e-01
2.307307133139600008e+00 6.944946389691454280e-01
2.316284981906679974e+00 6.947253810542779462e-01
2.325262830673760384e+00 6.949566078143847303e-01
2.334240679440840349e+00 6.951882955487000970e-01
2.343218528207920315e+00 6.954204613189518547e-01
2.352196376975000724e+00 6.956531215824537373e-01
2.361174225742080690e+00 6.958862721061001011e-01
2.370152074509161100e+00 6.961199227065466566e-01
2.379129923276241065e+00 6.963540225258479932e-01
2.388107772043321475e+00 6.965886297224893609e-01
2.397085620810401441e+00 6.968238505426720408e-01
2.406063469577481406e+00 6.970594339862956623e-01
2.415041318344561816e+00 6.972955169199349656e-01
2.424019167111641782e+00 6.975321879553016968e-01
2.432997015878722191e+00 6.977694016914627317e-01
2.441974864645802157e+00 6.980070144286073530e-01
2.450952713412882567e+00 6.982451403961404957e-01
2.459930562179962532e+00 6.984839382647246575e-01
2.468908410947042498e+00 6.987231416496548775e-01
2.477886259714122907e+00 6.989628503445517449e-01
2.486864108481202873e+00 6.992031216763772150e-01
2.495841957248283283e+00 6.994439417371204337e-01
2.504819806015363248e+00 6.996852696470186039e-01
2.513797654782443658e+00 6.999271268729005957e-01
2.522775503549523624e+00 7.001695315964151511e-01
2.531753352316603589e+00 7.004124869381499474e-01
2.540731201083683999e+00 7.006559897806191595e-01
2.549709049850763964e+00 7.009000157953264587e-01
2.558686898617844374e+00 7.011445785719568891e-01
2.567664747384924340e+00 7.013896907655883250e-01
2.576642596152004749e+00 7.016353520442497604e-01
2.585620444919084715e+00 7.018815727871466903e-01
2.594598293686164681e+00 7.021283029791941521e-01
2.603576142453245090e+00 7.023755960462058079e-01
2.612553991220325056e+00 7.026235577301477297e-01
2.621531839987405466e+00 7.028719444359842194e-01
2.630509688754485431e+00 7.031208898916303518e-01
2.639487537521565841e+00 7.033704888853414827e-01
2.648465386288645806e+00 7.036206582734952919e-01
2.657443235055725772e+00 7.038713081540013405e-01
2.666421083822806182e+00 7.041225303114906353e-01
2.675398932589886147e+00 7.043744639725614265e-01
2.684376781356966557e+00 7.046268658766949855e-01
2.693354630124046523e+00 7.048798408255028125e-01
